SeqName	SeqLength	HitStart	HitEnd	HitLength	PercentID	E-value
Chr01	101369167	59093923	59094446	524	93.92789374	0
Chr01	101369167	64933065	64933587	523	92.9389313	0
Chr01	101369167	64933065	64933587	523	92.9389313	0
Chr01	101369167	86138063	86138426	364	98.35164835	2.00E-176
Chr01	101369167	92578542	92578906	365	94.56521739	6.00E-157
Chr01	101369167	1115089	1115447	359	90.07832898	2.00E-145
Chr01	101369167	91103092	91103422	331	93.69369369	9.00E-136
Chr01	101369167	48944711	48944982	272	98.16176471	5.00E-127
Chr01	101369167	90554906	90555310	405	79.05882353	6.00E-107
Chr01	101369167	24024381	24024647	267	91.01123596	9.00E-98
Chr01	101369167	24024381	24024647	267	91.01123596	9.00E-98
Chr01	101369167	48944545	48944723	179	97.76536313	9.00E-79
Chr01	101369167	80680668	80680896	229	87.33624454	1.00E-71
Chr01	101369167	59094448	59094620	173	91.90751445	6.00E-62
Chr01	101369167	86233450	86233714	265	79.9270073	3.00E-60
Chr01	101369167	18133191	18133461	271	78.64768683	4.00E-58
Chr01	101369167	65131942	65132093	152	94.77124183	5.00E-57
Chr01	101369167	97570010	97570226	217	83.55555556	6.00E-56
Chr01	101369167	97570010	97570226	217	83.55555556	6.00E-56
Chr01	101369167	79872737	79872977	241	79.92277992	9.00E-54
Chr01	101369167	100726211	100726344	134	96.2962963	4.00E-52
Chr01	101369167	56228193	56228313	121	98.34710744	6.00E-50
Chr01	101369167	16180997	16181167	171	87.86127168	2.00E-49
Chr01	101369167	16180997	16181167	171	87.86127168	2.00E-49
Chr01	101369167	63455730	63455964	235	77.01149425	7.00E-49
Chr01	101369167	63455730	63455964	235	77.01149425	7.00E-49
Chr01	101369167	96597794	96598003	210	81.9047619	7.00E-49
Chr01	101369167	96597794	96598003	210	81.9047619	7.00E-49
Chr01	101369167	95285260	95285376	117	97.45762712	1.00E-45
Chr01	101369167	95285260	95285376	117	97.45762712	1.00E-45
Chr01	101369167	30091199	30091305	107	100	4.00E-45
Chr01	101369167	80439115	80439246	132	88.57142857	8.00E-42
Chr01	101369167	80439115	80439246	132	88.57142857	8.00E-42
Chr01	101369167	84129101	84129233	133	87.94326241	3.00E-41
Chr01	101369167	84129101	84129233	133	87.94326241	3.00E-41
Chr01	101369167	57591397	57591531	135	87.59124088	5.00E-38
Chr01	101369167	57591397	57591531	135	87.59124088	5.00E-38
Chr01	101369167	93112110	93112241	132	85.71428571	2.00E-36
Chr01	101369167	93112110	93112241	132	85.71428571	2.00E-36
Chr01	101369167	78112257	78112367	111	93.75	7.00E-36
Chr01	101369167	78112453	78112620	168	81.81818182	7.00E-36
Chr01	101369167	95291468	95291597	130	85.50724638	3.00E-35
Chr01	101369167	95291468	95291597	130	85.50724638	3.00E-35
Chr01	101369167	74589635	74589793	159	80.72289157	3.00E-34
Chr01	101369167	87594919	87595027	109	90.82568807	1.00E-32
Chr01	101369167	87594919	87595027	109	90.82568807	1.00E-32
Chr01	101369167	56228364	56228447	84	97.61904762	7.00E-30
Chr01	101369167	59729417	59729537	121	85.12396694	3.00E-28
Chr01	101369167	59729417	59729537	121	85.12396694	3.00E-28
Chr01	101369167	75309122	75309335	214	71.8487395	1.00E-27
Chr01	101369167	75309122	75309335	214	71.8487395	1.00E-27
Chr01	101369167	20002923	20003057	135	82.22222222	3.00E-27
Chr01	101369167	93974692	93974819	128	81.25	8.00E-23
Chr01	101369167	69552307	69552399	93	89.36170213	3.00E-22
Chr01	101369167	94334115	94334217	103	85.04672897	9.00E-22
Chr01	101369167	94334115	94334217	103	85.04672897	9.00E-22
Chr01	101369167	98008753	98008851	99	85.14851485	1.00E-20
Chr01	101369167	83222851	83222988	138	78.26086957	4.00E-20
Chr01	101369167	3108007	3108101	95	85.26315789	1.00E-19
Chr01	101369167	3108007	3108101	95	85.26315789	1.00E-19
Chr01	101369167	93170635	93170768	134	79.10447761	1.00E-19
Chr01	101369167	11515400	11515518	119	79.83193277	5.00E-19
Chr01	101369167	11515400	11515518	119	79.83193277	5.00E-19
Chr01	101369167	63804974	63805034	61	98.36065574	2.00E-18
Chr01	101369167	70086832	70086892	61	98.36065574	2.00E-18
Chr01	101369167	74598122	74598207	86	86.20689655	7.00E-17
Chr01	101369167	35208063	35208127	65	93.93939394	3.00E-16
Chr01	101369167	35208063	35208127	65	93.93939394	3.00E-16
Chr01	101369167	78112399	78112457	59	96.61016949	3.00E-16
Chr01	101369167	95688635	95688709	75	89.47368421	3.00E-16
Chr01	101369167	19526038	19526109	72	89.18918919	4.00E-14
Chr01	101369167	2515456	2515511	56	94.64285714	5.00E-13
Chr01	101369167	30296111	30296196	86	82.55813953	5.00E-13
Chr01	101369167	32698522	32698649	128	73.4375	2.00E-12
Chr01	101369167	86797556	86797618	63	90.625	2.00E-12
Chr01	101369167	7821	7934	114	77.39130435	6.00E-12
Chr01	101369167	7821	7934	114	77.39130435	6.00E-12
Chr01	101369167	22168431	22168544	114	77.39130435	6.00E-12
Chr01	101369167	22168431	22168544	114	77.39130435	6.00E-12
Chr01	101369167	22195875	22195988	114	77.39130435	6.00E-12
Chr01	101369167	22195875	22195988	114	77.39130435	6.00E-12
Chr01	101369167	22221703	22221816	114	77.39130435	6.00E-12
Chr01	101369167	22221703	22221816	114	77.39130435	6.00E-12
Chr01	101369167	22238547	22238660	114	77.39130435	6.00E-12
Chr01	101369167	22238547	22238660	114	77.39130435	6.00E-12
Chr01	101369167	22277604	22277717	114	77.39130435	6.00E-12
Chr01	101369167	22277604	22277717	114	77.39130435	6.00E-12
Chr01	101369167	89268502	89268550	49	97.95918367	6.00E-12
Chr01	101369167	1305071	1305123	53	94.33962264	2.00E-11
Chr01	101369167	1305071	1305123	53	94.33962264	2.00E-11
Chr01	101369167	3110543	3110620	78	83.33333333	2.00E-11
Chr01	101369167	3110543	3110620	78	83.33333333	2.00E-11
Chr01	101369167	28812457	28812539	83	81.92771084	2.00E-11
Chr01	101369167	1558	1729	172	70.34883721	7.00E-11
Chr01	101369167	1558	1729	172	70.34883721	7.00E-11
Chr01	101369167	11930	12101	172	70.34883721	7.00E-11
Chr01	101369167	11930	12101	172	70.34883721	7.00E-11
Chr01	101369167	22151850	22151963	114	76.52173913	7.00E-11
Chr01	101369167	22151850	22151963	114	76.52173913	7.00E-11
Chr01	101369167	22172539	22172710	172	70.34883721	7.00E-11
Chr01	101369167	22172539	22172710	172	70.34883721	7.00E-11
Chr01	101369167	22207726	22207897	172	70.34883721	7.00E-11
Chr01	101369167	22207726	22207897	172	70.34883721	7.00E-11
Chr01	101369167	22225811	22225982	172	70.34883721	7.00E-11
Chr01	101369167	22225811	22225982	172	70.34883721	7.00E-11
Chr01	101369167	22297881	22298052	172	70.34883721	7.00E-11
Chr01	101369167	22297881	22298052	172	70.34883721	7.00E-11
Chr01	101369167	98479957	98480008	52	94.23076923	7.00E-11
Chr01	101369167	3221142	3221192	51	92.59259259	2.00E-10
Chr01	101369167	10523811	10523858	48	95.83333333	2.00E-10
Chr01	101369167	10523811	10523858	48	95.83333333	2.00E-10
Chr01	101369167	17551583	17551646	64	84.28571429	2.00E-10
Chr01	101369167	79365354	79365404	51	92.59259259	2.00E-10
Chr01	101369167	84860194	84860249	56	91.07142857	2.00E-10
Chr01	101369167	55082861	55082991	131	74.24242424	8.00E-10
Chr01	101369167	80439070	80439111	42	100	8.00E-10
Chr01	101369167	80439070	80439111	42	100	8.00E-10
Chr01	101369167	86067588	86067668	81	81.48148148	8.00E-10
Chr01	101369167	86067588	86067668	81	81.48148148	8.00E-10
Chr01	101369167	3817401	3817456	56	89.28571429	3.00E-09
Chr01	101369167	3817325	3817392	68	83.82352941	1.00E-08
Chr01	101369167	79925223	79925275	53	90.56603774	1.00E-08
Chr01	101369167	22155959	22156130	172	69.18604651	4.00E-08
Chr01	101369167	22155959	22156130	172	69.18604651	4.00E-08
Chr01	101369167	22242636	22242807	172	69.18604651	4.00E-08
Chr01	101369167	22242636	22242807	172	69.18604651	4.00E-08
Chr01	101369167	88445227	88445270	44	95.45454545	4.00E-08
Chr01	101369167	9049411	9049566	156	71.7791411	1.00E-07
Chr01	101369167	19162314	19162351	38	100	1.00E-07
Chr01	101369167	19162314	19162351	38	100	1.00E-07
Chr01	101369167	94870661	94870773	113	74.33628319	1.00E-07
Chr01	101369167	98822329	98822427	99	76.47058824	1.00E-07
Chr01	101369167	98822329	98822427	99	76.47058824	1.00E-07
Chr01	101369167	48944893	48944982	90	78.02197802	4.00E-07
Chr01	101369167	84129061	84129102	42	95.23809524	4.00E-07
Chr01	101369167	84129061	84129102	42	95.23809524	4.00E-07
Chr01	101369167	93112065	93112106	42	95.23809524	4.00E-07
Chr01	101369167	93112065	93112106	42	95.23809524	4.00E-07
Chr01	101369167	98500588	98500627	40	97.5	4.00E-07
Chr01	101369167	61418767	61418810	44	93.18181818	1.00E-06
Chr01	101369167	89268466	89268501	36	100	1.00E-06
Chr01	101369167	93282055	93282147	93	76.84210526	1.00E-06
Chr01	101369167	93282055	93282147	93	76.84210526	1.00E-06
Chr02	100541202	13492440	13493008	569	86.46748682	0
Chr02	100541202	72452061	72452535	475	95.38784067	0
Chr02	100541202	75669078	75669797	720	82.15712383	0
Chr02	100541202	81865619	81866049	431	98.83990719	0
Chr02	100541202	81865619	81866049	431	98.83990719	0
Chr02	100541202	86313177	86314521	1345	72.2899729	0
Chr02	100541202	86313177	86314521	1345	72.2899729	0
Chr02	100541202	98856653	98857045	393	94.92385787	5.00E-171
Chr02	100541202	62652837	62653163	327	94.18960245	2.00E-138
Chr02	100541202	73632019	73632465	447	84.70066519	5.00E-133
Chr02	100541202	79884868	79885182	315	91.4556962	4.00E-121
Chr02	100541202	8931785	8932054	270	95.94095941	8.00E-118
Chr02	100541202	35885527	35885792	266	91.72661871	7.00E-106
Chr02	100541202	43062007	43062232	226	97.78761062	1.00E-102
Chr02	100541202	68493258	68493483	226	97.78761062	1.00E-102
Chr02	100541202	89720381	89720627	247	93.92712551	1.00E-101
Chr02	100541202	79741535	79741848	314	86.25	3.00E-98
Chr02	100541202	76839411	76839750	340	84.43804035	1.00E-96
Chr02	100541202	8932054	8932264	211	95.73459716	2.00E-88
Chr02	100541202	8932054	8932264	211	95.73459716	2.00E-88
Chr02	100541202	79528034	79528258	225	91.55555556	4.00E-83
Chr02	100541202	79528034	79528258	225	91.55555556	4.00E-83
Chr02	100541202	86356270	86356469	200	95	5.00E-82
Chr02	100541202	86356270	86356469	200	95	5.00E-82
Chr02	100541202	89830148	89830315	168	99.4047619	1.00E-76
Chr02	100541202	89830148	89830315	168	99.4047619	1.00E-76
Chr02	100541202	13864216	13864374	159	100	3.00E-73
Chr02	100541202	86355996	86356155	160	99.375	3.00E-72
Chr02	100541202	86314922	86315169	248	84.18972332	2.00E-67
Chr02	100541202	86314922	86315169	248	84.18972332	2.00E-67
Chr02	100541202	13864072	13864216	145	100	1.00E-65
Chr02	100541202	13864072	13864216	145	100	1.00E-65
Chr02	100541202	97237450	97237645	196	89	3.00E-65
Chr02	100541202	91145586	91145795	210	83.91304348	1.00E-64
Chr02	100541202	91145586	91145795	210	83.91304348	1.00E-64
Chr02	100541202	93862423	93862620	198	87.80487805	1.00E-64
Chr02	100541202	93862423	93862620	198	87.80487805	1.00E-64
Chr02	100541202	44350533	44350741	209	86.57407407	2.00E-62
Chr02	100541202	44392872	44393080	209	86.57407407	2.00E-62
Chr02	100541202	44435214	44435422	209	86.57407407	2.00E-62
Chr02	100541202	88797319	88797537	219	84.88888889	9.00E-60
Chr02	100541202	40772096	40772231	136	98.55072464	4.00E-58
Chr02	100541202	97579668	97579801	134	94.7761194	6.00E-50
Chr02	100541202	98257620	98257753	134	94.7761194	6.00E-50
Chr02	100541202	86356156	86356268	113	99.11504425	1.00E-46
Chr02	100541202	58050828	58050960	133	91.72932331	6.00E-43
Chr02	100541202	58050828	58050960	133	91.72932331	6.00E-43
Chr02	100541202	76909901	76910131	231	78.68852459	6.00E-43
Chr02	100541202	51214240	51214370	131	91.72932331	8.00E-42
Chr02	100541202	51214240	51214370	131	91.72932331	8.00E-42
Chr02	100541202	7705135	7705301	167	83.42857143	4.00E-39
Chr02	100541202	100422707	100422903	197	79.7979798	5.00E-38
Chr02	100541202	85873123	85873268	146	86.39455782	2.00E-37
Chr02	100541202	97236783	97236887	105	94.28571429	7.00E-36
Chr02	100541202	97236783	97236887	105	94.28571429	7.00E-36
Chr02	100541202	7704940	7705049	110	92.85714286	9.00E-35
Chr02	100541202	79576942	79577053	112	92.03539823	9.00E-35
Chr02	100541202	79576942	79577053	112	92.03539823	9.00E-35
Chr02	100541202	3507243	3507359	117	90	3.00E-34
Chr02	100541202	10483718	10483823	106	91.81818182	3.00E-34
Chr02	100541202	17951275	17951541	267	72.18543046	1.00E-33
Chr02	100541202	26316719	26316819	101	93.06930693	5.00E-32
Chr02	100541202	79276300	79276418	119	88.23529412	2.00E-31
Chr02	100541202	79276300	79276418	119	88.23529412	2.00E-31
Chr02	100541202	1116213	1116326	114	88.59649123	6.00E-31
Chr02	100541202	60925767	60925899	133	85.18518519	6.00E-31
Chr02	100541202	95402468	95402559	92	95.69892473	6.00E-31
Chr02	100541202	95402468	95402559	92	95.69892473	6.00E-31
Chr02	100541202	7015927	7016025	99	92.92929293	7.00E-30
Chr02	100541202	8919517	8919603	87	96.55172414	7.00E-30
Chr02	100541202	8920795	8920882	88	95.45454545	2.00E-29
Chr02	100541202	64066468	64066716	249	72.8	3.00E-28
Chr02	100541202	14477092	14477186	95	91.57894737	1.00E-27
Chr02	100541202	28012306	28012421	116	85.59322034	1.00E-26
Chr02	100541202	28012306	28012421	116	85.59322034	1.00E-26
Chr02	100541202	69179167	69179242	76	97.36842105	1.00E-25
Chr02	100541202	76839125	76839208	84	94.04761905	1.00E-25
Chr02	100541202	26316818	26316902	85	92.94117647	5.00E-25
Chr02	100541202	26316818	26316902	85	92.94117647	5.00E-25
Chr02	100541202	89349435	89349529	95	89.47368421	5.00E-25
Chr02	100541202	89349435	89349529	95	89.47368421	5.00E-25
Chr02	100541202	11408589	11408760	172	76.96629213	2.00E-24
Chr02	100541202	86815120	86815225	106	87.03703704	2.00E-24
Chr02	100541202	3506977	3507075	99	85.4368932	3.00E-22
Chr02	100541202	94049492	94049692	201	71.92982456	9.00E-22
Chr02	100541202	94049492	94049692	201	71.92982456	9.00E-22
Chr02	100541202	10350227	10350363	137	80.14184397	3.00E-21
Chr02	100541202	10469734	10469867	134	79.13669065	3.00E-21
Chr02	100541202	82788776	82788868	93	87.09677419	3.00E-21
Chr02	100541202	3474739	3474835	97	85.56701031	4.00E-20
Chr02	100541202	89641726	89641978	253	70.37037037	4.00E-20
Chr02	100541202	95214509	95214720	212	72.30046948	4.00E-20
Chr02	100541202	60924502	60924583	82	90.24390244	1.00E-19
Chr02	100541202	78805948	78806102	155	74.17582418	5.00E-19
Chr02	100541202	62276637	62276697	61	98.36065574	2.00E-18
Chr02	100541202	7249624	7249740	117	80.67226891	6.00E-18
Chr02	100541202	94324131	94324202	72	91.66666667	6.00E-18
Chr02	100541202	94324131	94324202	72	91.66666667	6.00E-18
Chr02	100541202	8890744	8890827	84	87.05882353	2.00E-17
Chr02	100541202	78823054	78823208	155	73.62637363	2.00E-17
Chr02	100541202	89841139	89841273	135	77.30496454	2.00E-17
Chr02	100541202	89841139	89841273	135	77.30496454	2.00E-17
Chr02	100541202	91504315	91504417	103	82.52427184	2.00E-17
Chr02	100541202	96323171	96323239	69	92.85714286	7.00E-17
Chr02	100541202	96323171	96323239	69	92.85714286	7.00E-17
Chr02	100541202	7705081	7705139	59	96.61016949	3.00E-16
Chr02	100541202	9365866	9366033	168	72.61904762	3.00E-16
Chr02	100541202	74551075	74551174	100	82	9.00E-16
Chr02	100541202	45507171	45507342	172	72.09302326	3.00E-15
Chr02	100541202	45507171	45507342	172	72.09302326	3.00E-15
Chr02	100541202	94107187	94107354	168	72.6744186	3.00E-15
Chr02	100541202	94107187	94107354	168	72.6744186	3.00E-15
Chr02	100541202	91138621	91138724	104	79.80769231	4.00E-14
Chr02	100541202	28012481	28012534	54	96.2962963	1.00E-13
Chr02	100541202	78847046	78847191	146	72	1.00E-13
Chr02	100541202	79884974	79885140	167	72.78106509	5.00E-13
Chr02	100541202	86314521	86314584	64	90.76923077	5.00E-13
Chr02	100541202	86314521	86314584	64	90.76923077	5.00E-13
Chr02	100541202	95199015	95199152	138	73.91304348	5.00E-13
Chr02	100541202	45766722	45766893	172	70.93023256	2.00E-12
Chr02	100541202	45766722	45766893	172	70.93023256	2.00E-12
Chr02	100541202	45785195	45785366	172	70.93023256	2.00E-12
Chr02	100541202	45785195	45785366	172	70.93023256	2.00E-12
Chr02	100541202	78804395	78804489	95	77.77777778	2.00E-12
Chr02	100541202	45580810	45580923	114	77.39130435	6.00E-12
Chr02	100541202	45580810	45580923	114	77.39130435	6.00E-12
Chr02	100541202	45740204	45740317	114	77.39130435	6.00E-12
Chr02	100541202	45740204	45740317	114	77.39130435	6.00E-12
Chr02	100541202	45789362	45789475	114	77.39130435	6.00E-12
Chr02	100541202	45789362	45789475	114	77.39130435	6.00E-12
Chr02	100541202	45830779	45830892	114	77.39130435	6.00E-12
Chr02	100541202	45830779	45830892	114	77.39130435	6.00E-12
Chr02	100541202	95199430	95199548	119	75.6302521	6.00E-12
Chr02	100541202	10665143	10665258	116	76.72413793	2.00E-11
Chr02	100541202	72157291	72157356	66	88.05970149	2.00E-11
Chr02	100541202	72157291	72157356	66	88.05970149	2.00E-11
Chr02	100541202	91977417	91977469	53	94.33962264	2.00E-11
Chr02	100541202	91977417	91977469	53	94.33962264	2.00E-11
Chr02	100541202	45504395	45504566	172	70.34883721	7.00E-11
Chr02	100541202	45504395	45504566	172	70.34883721	7.00E-11
Chr02	100541202	45573884	45574055	172	70.34883721	7.00E-11
Chr02	100541202	45573884	45574055	172	70.34883721	7.00E-11
Chr02	100541202	45677285	45677398	114	76.52173913	7.00E-11
Chr02	100541202	45677285	45677398	114	76.52173913	7.00E-11
Chr02	100541202	88163335	88163398	64	87.5	7.00E-11
Chr02	100541202	1394607	1394700	94	77.65957447	2.00E-10
Chr02	100541202	1394607	1394700	94	77.65957447	2.00E-10
Chr02	100541202	89789193	89789293	101	79.41176471	2.00E-10
Chr02	100541202	98665501	98665557	57	91.37931034	2.00E-10
Chr02	100541202	78821505	78821599	95	75.92592593	8.00E-10
Chr02	100541202	98399874	98399930	57	89.47368421	8.00E-10
Chr02	100541202	1394339	1394459	121	71.32867133	3.00E-09
Chr02	100541202	1394339	1394459	121	71.32867133	3.00E-09
Chr02	100541202	76360355	76360413	59	88.13559322	3.00E-09
Chr02	100541202	33395012	33395059	48	93.75	1.00E-08
Chr02	100541202	33395012	33395059	48	93.75	1.00E-08
Chr02	100541202	33677467	33677537	71	83.09859155	1.00E-08
Chr02	100541202	83989569	83989627	59	88.33333333	1.00E-08
Chr02	100541202	88779316	88779376	61	86.8852459	1.00E-08
Chr02	100541202	88779316	88779376	61	86.8852459	1.00E-08
Chr02	100541202	17881300	17881353	54	88.88888889	4.00E-08
Chr02	100541202	45491873	45491986	114	74.7826087	4.00E-08
Chr02	100541202	45491873	45491986	114	74.7826087	4.00E-08
Chr02	100541202	45868399	45868570	172	69.18604651	4.00E-08
Chr02	100541202	45868399	45868570	172	69.18604651	4.00E-08
Chr02	100541202	45889985	45890156	172	69.18604651	4.00E-08
Chr02	100541202	45889985	45890156	172	69.18604651	4.00E-08
Chr02	100541202	86355957	86355995	39	100	4.00E-08
Chr02	100541202	86355957	86355995	39	100	4.00E-08
Chr02	100541202	1511093	1511133	41	97.56097561	1.00E-07
Chr02	100541202	1511093	1511133	41	97.56097561	1.00E-07
Chr02	100541202	45884413	45884493	81	80.48780488	1.00E-07
Chr02	100541202	45884413	45884493	81	80.48780488	1.00E-07
Chr02	100541202	55222039	55222091	53	88.67924528	1.00E-07
Chr02	100541202	75345481	75345614	134	72.26277372	1.00E-07
Chr02	100541202	96539074	96539116	43	95.34883721	1.00E-07
Chr02	100541202	96539074	96539116	43	95.34883721	1.00E-07
Chr02	100541202	100398127	100398167	41	97.56097561	1.00E-07
Chr02	100541202	100398127	100398167	41	97.56097561	1.00E-07
Chr02	100541202	94717150	94717206	57	88.13559322	4.00E-07
Chr02	100541202	94717150	94717206	57	88.13559322	4.00E-07
Chr02	100541202	14917549	14917584	36	100	1.00E-06
Chr02	100541202	54272288	54272337	50	90.19607843	1.00E-06
Chr02	100541202	94411439	94411516	78	81.70731707	1.00E-06
Chr02	100541202	94411439	94411516	78	81.70731707	1.00E-06
Chr03	90149726	17393839	17394237	399	96.03960396	0
Chr03	90149726	19209725	19212359	2635	98.41628959	0
Chr03	90149726	19210949	19212359	1411	98.59055673	0
Chr03	90149726	20917459	20918766	1308	99.617737	0
Chr03	90149726	49371097	49371745	649	89.07435508	0
Chr03	90149726	49371733	49372346	614	87.51950078	0
Chr03	90149726	49372333	49372796	464	92.43697479	0
Chr03	90149726	49372798	49373532	735	93.87755102	0
Chr03	90149726	49377521	49378500	980	92.7638191	0
Chr03	90149726	49379614	49380446	833	92.86563615	0
Chr03	90149726	49380443	49382095	1653	89.63700234	0
Chr03	90149726	49382084	49382819	736	92.39130435	0
Chr03	90149726	49382929	49383542	614	89.3081761	0
Chr03	90149726	49383539	49384058	520	85.83916084	0
Chr03	90149726	49384058	49385323	1266	87.92156863	0
Chr03	90149726	49385302	49385789	488	92.49492901	0
Chr03	90149726	49385776	49387035	1260	94.36507937	0
Chr03	90149726	49387750	49388429	680	88.39160839	0
Chr03	90149726	81735011	81735365	355	99.71830986	4.00E-178
Chr03	90149726	49388433	49388866	434	92.62672811	1.00E-177
Chr03	90149726	81914758	81915160	403	92.34567901	7.00E-163
Chr03	90149726	87936028	87936417	390	91.42156863	8.00E-162
Chr03	90149726	49387026	49387387	362	93.92265193	2.00E-150
Chr03	90149726	44742945	44743345	401	88.30548926	3.00E-149
Chr03	90149726	19695839	19696130	292	100	2.00E-145
Chr03	90149726	49379266	49379622	357	93.31476323	2.00E-145
Chr03	90149726	1308456	1308738	283	98.5915493	1.00E-134
Chr03	90149726	49387374	49387665	292	93.49315068	3.00E-117
Chr03	90149726	63164106	63164431	326	86.74698795	3.00E-110
Chr03	90149726	63164106	63164431	326	86.74698795	3.00E-110
Chr03	90149726	65270075	65270356	282	92.30769231	4.00E-109
Chr03	90149726	49379006	49379266	261	90.97472924	2.00E-105
Chr03	90149726	85898472	85898797	326	85.67073171	3.00E-97
Chr03	90149726	9068132	9068465	334	83.88059701	6.00E-94
Chr03	90149726	81734352	81734551	200	99.5	6.00E-94
Chr03	90149726	87979147	87979362	216	92.12962963	6.00E-81
Chr03	90149726	49631920	49632371	452	74.67811159	3.00E-78
Chr03	90149726	49631920	49632371	452	74.67811159	3.00E-78
Chr03	90149726	77871374	77871602	229	87.55186722	1.00E-77
Chr03	90149726	77871374	77871602	229	87.55186722	1.00E-77
Chr03	90149726	68228568	68228735	168	99.4047619	1.00E-76
Chr03	90149726	81734551	81734713	163	100	2.00E-75
Chr03	90149726	81734551	81734713	163	100	2.00E-75
Chr03	90149726	9353723	9353881	159	100	3.00E-73
Chr03	90149726	81734712	81734861	150	98.66666667	1.00E-65
Chr03	90149726	81734862	81735010	149	99.33333333	1.00E-65
Chr03	90149726	81734862	81735010	149	99.33333333	1.00E-65
Chr03	90149726	26410149	26410373	225	85.77777778	3.00E-65
Chr03	90149726	19209284	19209429	146	99.31506849	1.00E-64
Chr03	90149726	67743549	67743772	224	85.46255507	4.00E-64
Chr03	90149726	67743549	67743772	224	85.46255507	4.00E-64
Chr03	90149726	27523752	27523922	171	93.06358382	2.00E-62
Chr03	90149726	27523752	27523922	171	93.06358382	2.00E-62
Chr03	90149726	49631344	49631795	452	72.68817204	3.00E-60
Chr03	90149726	49631344	49631795	452	72.68817204	3.00E-60
Chr03	90149726	11984181	11984326	146	95.89041096	4.00E-58
Chr03	90149726	11984181	11984326	146	95.89041096	4.00E-58
Chr03	90149726	12227208	12227346	139	96.42857143	7.00E-55
Chr03	90149726	74027559	74027684	126	99.20634921	9.00E-54
Chr03	90149726	11684673	11684817	145	93.79310345	3.00E-53
Chr03	90149726	11684673	11684817	145	93.79310345	3.00E-53
Chr03	90149726	78632924	78633098	175	87.22222222	2.00E-50
Chr03	90149726	78632924	78633098	175	87.22222222	2.00E-50
Chr03	90149726	81913076	81913250	175	82.38341969	2.00E-50
Chr03	90149726	49627295	49627545	251	77.39463602	2.00E-49
Chr03	90149726	49627295	49627545	251	77.39463602	2.00E-49
Chr03	90149726	65737188	65737330	143	92.30769231	2.00E-49
Chr03	90149726	65737188	65737330	143	92.30769231	2.00E-49
Chr03	90149726	18079695	18079851	157	87.42138365	3.00E-46
Chr03	90149726	22448812	22448989	178	81.21827411	3.00E-46
Chr03	90149726	67523432	67523545	114	98.24561404	3.00E-46
Chr03	90149726	67523432	67523545	114	98.24561404	3.00E-46
Chr03	90149726	85449303	85449507	205	77.21518987	1.00E-45
Chr03	90149726	85449303	85449507	205	77.21518987	1.00E-45
Chr03	90149726	86294289	86294696	408	71.46341463	1.00E-45
Chr03	90149726	86468304	86468550	247	76.66666667	2.00E-42
Chr03	90149726	86468304	86468550	247	76.66666667	2.00E-42
Chr03	90149726	57006164	57006264	101	100	8.00E-42
Chr03	90149726	47461465	47461564	100	100	3.00E-41
Chr03	90149726	87936028	87936140	113	96.49122807	3.00E-41
Chr03	90149726	16023468	16023604	137	86.89655172	9.00E-41
Chr03	90149726	16023468	16023604	137	86.89655172	9.00E-41
Chr03	90149726	85954923	85955052	130	90.83969466	9.00E-41
Chr03	90149726	85954923	85955052	130	90.83969466	9.00E-41
Chr03	90149726	16413533	16413729	197	80.3030303	1.00E-39
Chr03	90149726	49382819	49382931	113	94.73684211	1.00E-39
Chr03	90149726	65261761	65261889	129	89.47368421	1.00E-39
Chr03	90149726	35298446	35298575	130	90.07633588	4.00E-39
Chr03	90149726	35298446	35298575	130	90.07633588	4.00E-39
Chr03	90149726	10746295	10746487	193	77.61904762	1.00E-38
Chr03	90149726	11174534	11174700	167	82.85714286	5.00E-38
Chr03	90149726	12328945	12329076	132	86.42857143	5.00E-38
Chr03	90149726	12328945	12329076	132	86.42857143	5.00E-38
Chr03	90149726	88044405	88044551	147	86.39455782	2.00E-37
Chr03	90149726	20521281	20521400	120	90.83333333	6.00E-37
Chr03	90149726	87669692	87669802	111	92.79279279	2.00E-36
Chr03	90149726	87669692	87669802	111	92.79279279	2.00E-36
Chr03	90149726	87940164	87940260	97	97.95918367	2.00E-36
Chr03	90149726	58965960	58966098	139	84.3537415	7.00E-36
Chr03	90149726	58965960	58966098	139	84.3537415	7.00E-36
Chr03	90149726	15147864	15148046	183	79.36507937	3.00E-35
Chr03	90149726	11174786	11174895	110	92.85714286	9.00E-35
Chr03	90149726	3193729	3193823	95	96.84210526	3.00E-34
Chr03	90149726	3193729	3193823	95	96.84210526	3.00E-34
Chr03	90149726	4505385	4505521	137	83.44827586	1.00E-33
Chr03	90149726	4505385	4505521	137	83.44827586	1.00E-33
Chr03	90149726	87917848	87917943	96	96.93877551	1.00E-33
Chr03	90149726	44743221	44743345	125	87.2	4.00E-33
Chr03	90149726	64686408	64686537	130	84.05797101	1.00E-32
Chr03	90149726	64686408	64686537	130	84.05797101	1.00E-32
Chr03	90149726	71187560	71187721	162	80.86419753	1.00E-32
Chr03	90149726	71187560	71187721	162	80.86419753	1.00E-32
Chr03	90149726	60888326	60888507	182	77.66497462	5.00E-32
Chr03	90149726	67744286	67744408	123	86.99186992	5.00E-32
Chr03	90149726	67744286	67744408	123	86.99186992	5.00E-32
Chr03	90149726	7493139	7493277	139	84.17266187	2.00E-31
Chr03	90149726	20521536	20521652	117	88.88888889	6.00E-31
Chr03	90149726	49626604	49626931	328	70.74626866	6.00E-31
Chr03	90149726	49626604	49626931	328	70.74626866	6.00E-31
Chr03	90149726	71725904	71725994	91	94.50549451	2.00E-29
Chr03	90149726	84837868	84837973	106	89.71962617	8.00E-29
Chr03	90149726	83292238	83292341	104	89.42307692	3.00E-28
Chr03	90149726	88707073	88707242	170	76.28865979	3.00E-28
Chr03	90149726	22916379	22916499	121	83.72093023	1.00E-27
Chr03	90149726	22916379	22916499	121	83.72093023	1.00E-27
Chr03	90149726	85473921	85474062	142	78.6163522	1.00E-27
Chr03	90149726	49627761	49628023	263	72.0754717	3.00E-27
Chr03	90149726	49627761	49628023	263	72.0754717	3.00E-27
Chr03	90149726	753276	753418	143	81.11888112	1.00E-25
Chr03	90149726	753276	753418	143	81.11888112	1.00E-25
Chr03	90149726	19108065	19108140	76	97.36842105	1.00E-25
Chr03	90149726	47458537	47458612	76	97.43589744	1.00E-25
Chr03	90149726	47458537	47458612	76	97.43589744	1.00E-25
Chr03	90149726	65278378	65278468	91	92.39130435	1.00E-25
Chr03	90149726	61889900	61890047	148	80.53691275	5.00E-25
Chr03	90149726	77871606	77871695	90	91.11111111	5.00E-25
Chr03	90149726	77871606	77871695	90	91.11111111	5.00E-25
Chr03	90149726	85009198	85009339	142	77.56410256	5.00E-25
Chr03	90149726	14398903	14399028	126	81.20300752	2.00E-24
Chr03	90149726	49387649	49387744	96	89.58333333	6.00E-24
Chr03	90149726	49630654	49630844	191	74.22680412	3.00E-22
Chr03	90149726	49630654	49630844	191	74.22680412	3.00E-22
Chr03	90149726	84767246	84767330	85	90.58823529	3.00E-22
Chr03	90149726	84767246	84767330	85	90.58823529	3.00E-22
Chr03	90149726	85017153	85017293	141	76.62337662	3.00E-22
Chr03	90149726	88463420	88463533	114	82.60869565	3.00E-21
Chr03	90149726	88463420	88463533	114	82.60869565	3.00E-21
Chr03	90149726	39787680	39787817	138	78.26086957	4.00E-20
Chr03	90149726	19108143	19108238	96	85.41666667	1.00E-19
Chr03	90149726	83291854	83291932	79	91.25	1.00E-19
Chr03	90149726	83291854	83291932	79	91.25	1.00E-19
Chr03	90149726	19107989	19108052	64	96.875	5.00E-19
Chr03	90149726	19107989	19108052	64	96.875	5.00E-19
Chr03	90149726	26357019	26357079	61	98.36065574	2.00E-18
Chr03	90149726	47459127	47459192	66	95.45454545	2.00E-18
Chr03	90149726	47459127	47459192	66	95.45454545	2.00E-18
Chr03	90149726	47459254	47459314	61	98.36065574	2.00E-18
Chr03	90149726	52746562	52746622	61	98.36065574	2.00E-18
Chr03	90149726	1308727	1308782	56	100	2.00E-17
Chr03	90149726	70199340	70199448	109	81.65137615	2.00E-17
Chr03	90149726	5509016	5509082	67	92.53731343	3.00E-16
Chr03	90149726	5509016	5509082	67	92.53731343	3.00E-16
Chr03	90149726	11174696	11174754	59	96.61016949	3.00E-16
Chr03	90149726	47459575	47459627	53	100	9.00E-16
Chr03	90149726	49386274	49386438	165	73.4939759	3.00E-15
Chr03	90149726	61890063	61890161	99	80.80808081	3.00E-15
Chr03	90149726	49058346	49058396	51	100	1.00E-14
Chr03	90149726	49058346	49058396	51	100	1.00E-14
Chr03	90149726	64837763	64837878	116	78.99159664	1.00E-14
Chr03	90149726	65273593	65273651	59	94.91525424	1.00E-14
Chr03	90149726	14398384	14398506	123	75.57251908	4.00E-14
Chr03	90149726	1666473	1666613	141	73.04964539	1.00E-13
Chr03	90149726	1666473	1666613	141	73.04964539	1.00E-13
Chr03	90149726	5503922	5503988	67	89.55223881	1.00E-13
Chr03	90149726	5503922	5503988	67	89.55223881	1.00E-13
Chr03	90149726	89853305	89853353	49	100	1.00E-13
Chr03	90149726	7691312	7691359	48	100	5.00E-13
Chr03	90149726	19107938	19107990	53	96.22641509	5.00E-13
Chr03	90149726	19107938	19107990	53	96.22641509	5.00E-13
Chr03	90149726	27931445	27931522	78	84.61538462	5.00E-13
Chr03	90149726	63937252	63937382	131	76.51515152	5.00E-13
Chr03	90149726	75418796	75418863	68	88.23529412	5.00E-13
Chr03	90149726	9297631	9297692	62	90.32258065	2.00E-12
Chr03	90149726	11684623	11684674	52	96.15384615	2.00E-12
Chr03	90149726	11684623	11684674	52	96.15384615	2.00E-12
Chr03	90149726	68771344	68771442	99	79.7979798	2.00E-12
Chr03	90149726	68771344	68771442	99	79.7979798	2.00E-12
Chr03	90149726	3454576	3454638	63	89.23076923	6.00E-12
Chr03	90149726	50179675	50179765	91	80.21978022	6.00E-12
Chr03	90149726	78882049	78882162	114	74.56140351	6.00E-12
Chr03	90149726	8130943	8131036	94	78.72340426	2.00E-11
Chr03	90149726	16740291	16740418	128	73.4375	2.00E-11
Chr03	90149726	33685534	33685611	78	83.33333333	2.00E-11
Chr03	90149726	74701881	74701950	70	85.71428571	2.00E-11
Chr03	90149726	74701881	74701950	70	85.71428571	2.00E-11
Chr03	90149726	21589529	21589612	84	82.55813953	7.00E-11
Chr03	90149726	66720999	66721058	60	90.47619048	7.00E-11
Chr03	90149726	49384325	49384480	156	71.15384615	2.00E-10
Chr03	90149726	49630363	49630517	155	71.61290323	2.00E-10
Chr03	90149726	49630363	49630517	155	71.61290323	2.00E-10
Chr03	90149726	4505345	4505386	42	100	8.00E-10
Chr03	90149726	4505345	4505386	42	100	8.00E-10
Chr03	90149726	20519533	20519582	50	94	8.00E-10
Chr03	90149726	20519533	20519582	50	94	8.00E-10
Chr03	90149726	58966102	58966143	42	100	8.00E-10
Chr03	90149726	58966102	58966143	42	100	8.00E-10
Chr03	90149726	65737148	65737189	42	100	8.00E-10
Chr03	90149726	65737148	65737189	42	100	8.00E-10
Chr03	90149726	78296410	78296503	94	75.92592593	8.00E-10
Chr03	90149726	83292110	83292194	85	80.68181818	8.00E-10
Chr03	90149726	49627072	49627225	154	72.25806452	3.00E-09
Chr03	90149726	49627072	49627225	154	72.25806452	3.00E-09
Chr03	90149726	66667500	66667562	63	87.3015873	3.00E-09
Chr03	90149726	66667500	66667562	63	87.3015873	3.00E-09
Chr03	90149726	83292191	83292241	51	92.15686275	3.00E-09
Chr03	90149726	8113823	8113906	84	77.52808989	1.00E-08
Chr03	90149726	47459673	47459712	40	100	1.00E-08
Chr03	90149726	86588990	86589042	53	90.56603774	1.00E-08
Chr03	90149726	86588990	86589042	53	90.56603774	1.00E-08
Chr03	90149726	5503882	5503923	42	97.61904762	4.00E-08
Chr03	90149726	5503882	5503923	42	97.61904762	4.00E-08
Chr03	90149726	5509081	5509122	42	97.61904762	4.00E-08
Chr03	90149726	5509081	5509122	42	97.61904762	4.00E-08
Chr03	90149726	16023428	16023469	42	97.61904762	4.00E-08
Chr03	90149726	16023428	16023469	42	97.61904762	4.00E-08
Chr03	90149726	47459794	47459834	41	97.56097561	1.00E-07
Chr03	90149726	47459794	47459834	41	97.56097561	1.00E-07
Chr03	90149726	49630085	49630183	99	75.75757576	1.00E-07
Chr03	90149726	49630085	49630183	99	75.75757576	1.00E-07
Chr03	90149726	68770132	68770257	126	73.4375	1.00E-07
Chr03	90149726	68770132	68770257	126	73.4375	1.00E-07
Chr03	90149726	82564920	82564957	38	100	1.00E-07
Chr03	90149726	5509636	5509682	47	91.4893617	4.00E-07
Chr03	90149726	5509636	5509682	47	91.4893617	4.00E-07
Chr03	90149726	12328900	12328941	42	95.23809524	4.00E-07
Chr03	90149726	12328900	12328941	42	95.23809524	4.00E-07
Chr03	90149726	28496956	28497005	50	90	4.00E-07
Chr03	90149726	84491388	84491437	50	90	4.00E-07
Chr03	90149726	84491388	84491437	50	90	4.00E-07
Chr03	90149726	84767537	84767618	82	78.04878049	4.00E-07
Chr03	90149726	85601926	85601965	40	97.5	4.00E-07
Chr03	90149726	49384133	49384173	41	95.12195122	1.00E-06
Chr03	90149726	76535796	76535831	36	100	1.00E-06
Chr03	90149726	76535796	76535831	36	100	1.00E-06
Chr03	90149726	82508075	82508115	41	95.12195122	1.00E-06
Chr04	89319729	1786018	1786412	395	95.63106796	0
Chr04	89319729	1786018	1786412	395	95.63106796	0
Chr04	89319729	14578359	14579019	661	88.45598846	0
Chr04	89319729	25328603	25330318	1716	99.65055329	0
Chr04	89319729	51762071	51762704	634	99.68454259	0
Chr04	89319729	51762705	51763591	887	99.54904171	0
Chr04	89319729	51762705	51763591	887	99.54904171	0
Chr04	89319729	51763587	51764099	513	99.61013645	0
Chr04	89319729	51763587	51764099	513	99.61013645	0
Chr04	89319729	25332785	25333106	322	99.37888199	4.00E-159
Chr04	89319729	16561716	16562043	328	96.95121951	2.00E-151
Chr04	89319729	16561716	16562043	328	96.95121951	2.00E-151
Chr04	89319729	51237525	51237814	290	99.31034483	1.00E-141
Chr04	89319729	51237525	51237814	290	99.31034483	1.00E-141
Chr04	89319729	19324229	19324530	302	95.36423841	7.00E-131
Chr04	89319729	19324229	19324530	302	95.36423841	7.00E-131
Chr04	89319729	84812704	84812971	268	98.14126394	7.00E-125
Chr04	89319729	6404573	6404881	309	92.58064516	1.00E-122
Chr04	89319729	12532243	12532546	304	92.58064516	1.00E-120
Chr04	89319729	51764099	51764345	247	98.7854251	9.00E-117
Chr04	89319729	11030698	11030923	226	100	1.00E-109
Chr04	89319729	11030698	11030923	226	100	1.00E-109
Chr04	89319729	86441269	86441634	366	82.82828283	2.00E-107
Chr04	89319729	11030932	11031139	208	99.03846154	4.00E-96
Chr04	89319729	23891196	23891458	263	87.82287823	4.00E-90
Chr04	89319729	66794271	66794519	249	89.01960784	2.00E-87
Chr04	89319729	66794271	66794519	249	89.01960784	2.00E-87
Chr04	89319729	23134129	23134329	201	92.45283019	3.00E-79
Chr04	89319729	11192393	11192557	165	97.57575758	5.00E-70
Chr04	89319729	7811687	7811913	227	86.08695652	2.00E-68
Chr04	89319729	7811687	7811913	227	86.08695652	2.00E-68
Chr04	89319729	10275061	10275211	151	96.68874172	8.00E-61
Chr04	89319729	24290991	24291139	149	96.6442953	8.00E-61
Chr04	89319729	24290991	24291139	149	96.6442953	8.00E-61
Chr04	89319729	15794559	15794799	241	81.2749004	3.00E-60
Chr04	89319729	14578106	14578254	149	95.97315436	9.00E-60
Chr04	89319729	24291132	24291265	134	100	9.00E-60
Chr04	89319729	24291132	24291265	134	100	9.00E-60
Chr04	89319729	1386448	1386665	218	83.84279476	1.00E-58
Chr04	89319729	35248865	35249013	149	95.30201342	4.00E-58
Chr04	89319729	17355287	17355416	130	99.23076923	6.00E-56
Chr04	89319729	68554516	68554660	145	95.17241379	6.00E-56
Chr04	89319729	68554516	68554660	145	95.17241379	6.00E-56
Chr04	89319729	12532123	12532255	133	96.9924812	1.00E-52
Chr04	89319729	88861447	88861687	241	79.6812749	1.00E-52
Chr04	89319729	11066671	11066813	143	93.00699301	5.00E-51
Chr04	89319729	11066671	11066813	143	93.00699301	5.00E-51
Chr04	89319729	2235708	2235881	174	88.20224719	6.00E-50
Chr04	89319729	375085	375455	371	70.60240964	7.00E-49
Chr04	89319729	82284054	82284216	163	88.41463415	7.00E-49
Chr04	89319729	6844801	6845002	202	82.92682927	2.00E-48
Chr04	89319729	79476977	79477125	149	90.66666667	3.00E-47
Chr04	89319729	79476977	79477125	149	90.66666667	3.00E-47
Chr04	89319729	59556999	59557131	133	93.23308271	1.00E-46
Chr04	89319729	59556999	59557131	133	93.23308271	1.00E-46
Chr04	89319729	82660994	82661130	137	88.27586207	2.00E-43
Chr04	89319729	82660994	82661130	137	88.27586207	2.00E-43
Chr04	89319729	14578254	14578365	112	96.46017699	8.00E-42
Chr04	89319729	84438166	84438411	246	75.86206897	3.00E-40
Chr04	89319729	69288404	69288539	136	86.89655172	1.00E-39
Chr04	89319729	69288404	69288539	136	86.89655172	1.00E-39
Chr04	89319729	16753640	16753781	142	86.61971831	5.00E-38
Chr04	89319729	75049452	75049573	122	89.23076923	5.00E-38
Chr04	89319729	4965864	4966021	158	83.5443038	2.00E-37
Chr04	89319729	75819309	75819518	210	75.71428571	5.00E-32
Chr04	89319729	75819309	75819518	210	75.71428571	5.00E-32
Chr04	89319729	12168657	12168741	85	98.82352941	2.00E-31
Chr04	89319729	23292708	23292838	131	84.84848485	2.00E-30
Chr04	89319729	23292708	23292838	131	84.84848485	2.00E-30
Chr04	89319729	85956916	85957080	165	78.28571429	2.00E-30
Chr04	89319729	27059661	27059787	127	85.27131783	7.00E-30
Chr04	89319729	40601278	40601398	121	86.7768595	7.00E-30
Chr04	89319729	51764388	51764464	77	100	8.00E-29
Chr04	89319729	51764388	51764464	77	100	8.00E-29
Chr04	89319729	26548914	26549034	121	85.95041322	3.00E-28
Chr04	89319729	20868088	20868187	100	91	1.00E-27
Chr04	89319729	6255342	6255437	96	86.79245283	1.00E-26
Chr04	89319729	14567158	14567405	248	70.4379562	4.00E-26
Chr04	89319729	72963900	72964024	125	81.88405797	4.00E-26
Chr04	89319729	85956121	85956234	114	85.0877193	5.00E-25
Chr04	89319729	5419945	5420028	84	94.04761905	2.00E-24
Chr04	89319729	21708748	21708819	72	98.61111111	2.00E-24
Chr04	89319729	63686224	63686290	67	100	2.00E-23
Chr04	89319729	63686224	63686290	67	100	2.00E-23
Chr04	89319729	19545386	19545465	80	93.82716049	8.00E-23
Chr04	89319729	22017828	22017900	73	95.89041096	3.00E-21
Chr04	89319729	35789719	35789856	138	78.26086957	4.00E-20
Chr04	89319729	78547784	78547931	148	77.7027027	1.00E-19
Chr04	89319729	70079540	70079607	68	93.05555556	5.00E-19
Chr04	89319729	70079540	70079607	68	93.05555556	5.00E-19
Chr04	89319729	20847079	20847250	172	74.28571429	6.00E-18
Chr04	89319729	51762296	51762458	163	75	6.00E-18
Chr04	89319729	8857360	8857424	65	92.75362319	2.00E-17
Chr04	89319729	8857566	8857624	59	94.91525424	4.00E-14
Chr04	89319729	13318491	13318555	65	88.4057971	5.00E-13
Chr04	89319729	77729157	77729226	70	87.83783784	5.00E-13
Chr04	89319729	77729157	77729226	70	87.83783784	5.00E-13
Chr04	89319729	11066620	11066672	53	94.54545455	6.00E-12
Chr04	89319729	11066620	11066672	53	94.54545455	6.00E-12
Chr04	89319729	13318438	13318491	54	94.44444444	6.00E-12
Chr04	89319729	20620452	20620556	105	79.24528302	6.00E-12
Chr04	89319729	12182116	12182230	115	73.33333333	2.00E-11
Chr04	89319729	13318297	13318353	57	91.22807018	7.00E-11
Chr04	89319729	33020844	33020917	74	83.78378378	7.00E-11
Chr04	89319729	66565660	66565789	130	74.43609023	7.00E-11
Chr04	89319729	86984053	86984215	163	72.09302326	7.00E-11
Chr04	89319729	8857424	8857476	53	92.45283019	2.00E-10
Chr04	89319729	44442354	44442412	59	90	2.00E-10
Chr04	89319729	57978904	57978946	43	100	2.00E-10
Chr04	89319729	68554659	68554707	49	96	2.00E-10
Chr04	89319729	68554659	68554707	49	96	2.00E-10
Chr04	89319729	13318783	13318829	47	95.74468085	8.00E-10
Chr04	89319729	13318783	13318829	47	95.74468085	8.00E-10
Chr04	89319729	21541876	21541941	66	86.56716418	8.00E-10
Chr04	89319729	69288538	69288579	42	100	8.00E-10
Chr04	89319729	69288538	69288579	42	100	8.00E-10
Chr04	89319729	84401247	84401309	63	85.71428571	3.00E-09
Chr04	89319729	89061787	89061870	84	79.76190476	3.00E-09
Chr04	89319729	343444	343501	58	86.8852459	1.00E-08
Chr04	89319729	343444	343501	58	86.8852459	1.00E-08
Chr04	89319729	57978840	57978889	50	92	1.00E-08
Chr04	89319729	44442162	44442215	54	88.88888889	4.00E-08
Chr04	89319729	51762032	51762070	39	100	4.00E-08
Chr04	89319729	51762032	51762070	39	100	4.00E-08
Chr04	89319729	63634504	63634545	42	97.61904762	4.00E-08
Chr04	89319729	70601756	70601804	49	91.83673469	4.00E-08
Chr04	89319729	70601756	70601804	49	91.83673469	4.00E-08
Chr04	89319729	79296623	79296699	77	80.51948052	4.00E-08
Chr04	89319729	82661129	82661170	42	97.61904762	4.00E-08
Chr04	89319729	82661129	82661170	42	97.61904762	4.00E-08
Chr04	89319729	9583901	9583978	78	79.48717949	1.00E-07
Chr04	89319729	10178748	10178800	53	88.67924528	1.00E-07
Chr04	89319729	11030325	11030377	53	88.67924528	1.00E-07
Chr04	89319729	51764350	51764387	38	100	1.00E-07
Chr04	89319729	51764350	51764387	38	100	1.00E-07
Chr04	89319729	84668664	84668701	38	100	1.00E-07
Chr04	89319729	86158791	86158828	38	100	1.00E-07
Chr04	89319729	34041822	34041871	50	92.15686275	4.00E-07
Chr04	89319729	34041822	34041871	50	92.15686275	4.00E-07
Chr04	89319729	34100810	34100972	163	69.32515337	4.00E-07
Chr04	89319729	12532094	12532134	41	95.12195122	1.00E-06
Chr04	89319729	13318395	13318438	44	93.18181818	1.00E-06
Chr04	89319729	26939424	26939476	53	85.96491228	1.00E-06
Chr04	89319729	85929525	85929632	108	74.54545455	1.00E-06
Chr05	88736338	9687533	9687974	442	98.64559819	0
Chr05	88736338	73181447	73181966	520	88.86792453	0
Chr05	88736338	73181447	73181966	520	88.86792453	0
Chr05	88736338	77891087	77891598	512	97.65625	0
Chr05	88736338	84490139	84490800	662	88.74458874	0
Chr05	88736338	9522075	9522482	408	90.2676399	2.00E-150
Chr05	88736338	2399644	2400156	513	80.45540797	2.00E-131
Chr05	88736338	53410042	53410300	259	99.23371648	7.00E-125
Chr05	88736338	53410042	53410300	259	99.23371648	7.00E-125
Chr05	88736338	1976523	1976967	445	80.71278826	3.00E-122
Chr05	88736338	1976523	1976967	445	80.71278826	3.00E-122
Chr05	88736338	34243325	34243592	268	93.14079422	1.00E-109
Chr05	88736338	25586869	25587145	277	92.44604317	2.00E-106
Chr05	88736338	29372831	29373056	226	95.25862069	3.00E-98
Chr05	88736338	29372831	29373056	226	95.25862069	3.00E-98
Chr05	88736338	2365366	2365806	441	76.66666667	2.00E-87
Chr05	88736338	86539631	86539908	278	86.33093525	1.00E-83
Chr05	88736338	15012287	15012463	177	99.43502825	2.00E-81
Chr05	88736338	88330605	88330840	236	90.37656904	6.00E-81
Chr05	88736338	88330605	88330840	236	90.37656904	6.00E-81
Chr05	88736338	31128858	31129138	281	84.26573427	8.00E-80
Chr05	88736338	31128858	31129138	281	84.26573427	8.00E-80
Chr05	88736338	29373050	29373222	173	97.68786127	2.00E-74
Chr05	88736338	38097080	38097296	217	88.0733945	6.00E-69
Chr05	88736338	10478049	10478385	337	74.13333333	5.00E-63
Chr05	88736338	10478049	10478385	337	74.13333333	5.00E-63
Chr05	88736338	1756567	1756743	177	91.62011173	2.00E-61
Chr05	88736338	76869186	76869321	136	99.26470588	3.00E-59
Chr05	88736338	76869186	76869321	136	99.26470588	3.00E-59
Chr05	88736338	80738540	80738746	207	85.23809524	4.00E-58
Chr05	88736338	84489885	84490033	149	94.63087248	5.00E-57
Chr05	88736338	83200197	83200341	145	95.17241379	6.00E-56
Chr05	88736338	83200197	83200341	145	95.17241379	6.00E-56
Chr05	88736338	55565085	55565255	171	88.37209302	4.00E-52
Chr05	88736338	31131953	31132126	174	87.00564972	6.00E-50
Chr05	88736338	31131953	31132126	174	87.00564972	6.00E-50
Chr05	88736338	87722143	87722270	128	96.09375	2.00E-49
Chr05	88736338	76869317	76869434	118	97.45762712	1.00E-46
Chr05	88736338	76869317	76869434	118	97.45762712	1.00E-46
Chr05	88736338	11805515	11805715	201	80.09259259	1.00E-45
Chr05	88736338	2366145	2366428	284	73.98648649	2.00E-43
Chr05	88736338	84490033	84490145	113	96.49122807	2.00E-42
Chr05	88736338	1975412	1975648	237	76.30522088	9.00E-41
Chr05	88736338	45534125	45534254	130	90.83969466	9.00E-41
Chr05	88736338	45534125	45534254	130	90.83969466	9.00E-41
Chr05	88736338	1745293	1745494	202	79.7029703	3.00E-40
Chr05	88736338	1745293	1745494	202	79.7029703	3.00E-40
Chr05	88736338	73234109	73234280	172	81.31868132	5.00E-38
Chr05	88736338	3979530	3979631	102	97.05882353	2.00E-37
Chr05	88736338	3979530	3979631	102	97.05882353	2.00E-37
Chr05	88736338	82095242	82095383	142	85.31468531	9.00E-35
Chr05	88736338	82095242	82095383	142	85.31468531	9.00E-35
Chr05	88736338	10754408	10754556	149	80.74534161	1.00E-32
Chr05	88736338	38097491	38097604	114	89.47368421	1.00E-32
Chr05	88736338	31129137	31129232	96	93.75	6.00E-31
Chr05	88736338	31129137	31129232	96	93.75	6.00E-31
Chr05	88736338	38096832	38096945	114	88.59649123	6.00E-31
Chr05	88736338	12270346	12270474	129	84.49612403	7.00E-30
Chr05	88736338	74639356	74639521	166	75.27472527	1.00E-26
Chr05	88736338	74639356	74639521	166	75.27472527	1.00E-26
Chr05	88736338	18642218	18642313	96	88.7755102	2.00E-24
Chr05	88736338	6398643	6398727	85	90.58823529	3.00E-22
Chr05	88736338	32753464	32753593	130	78.32167832	9.00E-22
Chr05	88736338	2781045	2781139	95	88.42105263	3.00E-21
Chr05	88736338	2781045	2781139	95	88.42105263	3.00E-21
Chr05	88736338	3979635	3979712	78	92.30769231	3.00E-21
Chr05	88736338	2494566	2494643	78	92.30769231	4.00E-20
Chr05	88736338	13228029	13228156	128	79.06976744	4.00E-20
Chr05	88736338	75118385	75118510	126	80.31496063	4.00E-20
Chr05	88736338	75118385	75118510	126	80.31496063	4.00E-20
Chr05	88736338	82798764	82798847	84	89.28571429	4.00E-20
Chr05	88736338	88330123	88330219	97	84.46601942	4.00E-20
Chr05	88736338	88330123	88330219	97	84.46601942	4.00E-20
Chr05	88736338	68521632	68521705	74	91.89189189	5.00E-19
Chr05	88736338	88057212	88057279	68	95.65217391	5.00E-19
Chr05	88736338	77210719	77210888	170	71.50259067	2.00E-18
Chr05	88736338	1613926	1614019	94	84.04255319	6.00E-18
Chr05	88736338	1613926	1614019	94	84.04255319	6.00E-18
Chr05	88736338	1639549	1639642	94	84.04255319	6.00E-18
Chr05	88736338	1639549	1639642	94	84.04255319	6.00E-18
Chr05	88736338	15012236	15012289	54	100	3.00E-16
Chr05	88736338	15012236	15012289	54	100	3.00E-16
Chr05	88736338	16605219	16605355	137	74.35897436	3.00E-16
Chr05	88736338	85444115	85444181	67	92.53731343	3.00E-16
Chr05	88736338	85444115	85444181	67	92.53731343	3.00E-16
Chr05	88736338	2467670	2467730	61	95.08196721	9.00E-16
Chr05	88736338	2467670	2467730	61	95.08196721	9.00E-16
Chr05	88736338	3979458	3979523	66	92.42424242	9.00E-16
Chr05	88736338	3979458	3979523	66	92.42424242	9.00E-16
Chr05	88736338	10556918	10556988	71	90.14084507	9.00E-16
Chr05	88736338	9196584	9196650	67	91.04477612	3.00E-15
Chr05	88736338	9196584	9196650	67	91.04477612	3.00E-15
Chr05	88736338	85429052	85429118	67	91.04477612	3.00E-15
Chr05	88736338	85429052	85429118	67	91.04477612	3.00E-15
Chr05	88736338	7175283	7175356	74	87.83783784	1.00E-14
Chr05	88736338	13090263	13090327	65	90.76923077	4.00E-14
Chr05	88736338	60300376	60300477	102	80.76923077	4.00E-14
Chr05	88736338	66880917	66881025	109	79.09090909	4.00E-14
Chr05	88736338	9190535	9190601	67	89.55223881	1.00E-13
Chr05	88736338	9190535	9190601	67	89.55223881	1.00E-13
Chr05	88736338	10957579	10957647	69	87.5	5.00E-13
Chr05	88736338	15638272	15638356	85	83.52941176	5.00E-13
Chr05	88736338	60308457	60308568	112	77.87610619	5.00E-13
Chr05	88736338	20814396	20814512	117	76.92307692	2.00E-12
Chr05	88736338	83200340	83200394	55	94.54545455	2.00E-12
Chr05	88736338	83200340	83200394	55	94.54545455	2.00E-12
Chr05	88736338	3979399	3979457	59	91.52542373	6.00E-12
Chr05	88736338	3979399	3979457	59	91.52542373	6.00E-12
Chr05	88736338	15833543	15833635	93	80.64516129	6.00E-12
Chr05	88736338	14277821	14277913	93	79.56989247	2.00E-11
Chr05	88736338	14277821	14277913	93	79.56989247	2.00E-11
Chr05	88736338	47785478	47785527	50	96	2.00E-11
Chr05	88736338	3861452	3861520	69	85.50724638	7.00E-11
Chr05	88736338	33536304	33536356	53	92.45283019	2.00E-10
Chr05	88736338	33536304	33536356	53	92.45283019	2.00E-10
Chr05	88736338	82379041	82379091	51	92.59259259	2.00E-10
Chr05	88736338	31020386	31020440	55	90.90909091	8.00E-10
Chr05	88736338	31020386	31020440	55	90.90909091	8.00E-10
Chr05	88736338	85444180	85444221	42	100	8.00E-10
Chr05	88736338	85444180	85444221	42	100	8.00E-10
Chr05	88736338	818237	818297	61	86.8852459	3.00E-09
Chr05	88736338	73175144	73175195	52	92.45283019	3.00E-09
Chr05	88736338	73175144	73175195	52	92.45283019	3.00E-09
Chr05	88736338	2400378	2400447	70	82.85714286	1.00E-08
Chr05	88736338	15840323	15840434	112	71.54471545	1.00E-08
Chr05	88736338	70540830	70540872	43	97.6744186	1.00E-08
Chr05	88736338	9190495	9190536	42	97.61904762	4.00E-08
Chr05	88736338	9190495	9190536	42	97.61904762	4.00E-08
Chr05	88736338	9196649	9196690	42	97.61904762	4.00E-08
Chr05	88736338	9196649	9196690	42	97.61904762	4.00E-08
Chr05	88736338	31707965	31708016	52	90.38461538	4.00E-08
Chr05	88736338	66800025	66800066	42	97.61904762	4.00E-08
Chr05	88736338	66800025	66800066	42	97.61904762	4.00E-08
Chr05	88736338	84718101	84718142	42	97.61904762	4.00E-08
Chr05	88736338	84718101	84718142	42	97.61904762	4.00E-08
Chr05	88736338	85429012	85429053	42	97.61904762	4.00E-08
Chr05	88736338	85429012	85429053	42	97.61904762	4.00E-08
Chr05	88736338	10523116	10523253	138	72.34042553	1.00E-07
Chr05	88736338	55564901	55564956	56	87.5	1.00E-07
Chr05	88736338	58343255	58343304	50	90.38461538	1.00E-07
Chr05	88736338	58343255	58343304	50	90.38461538	1.00E-07
Chr05	88736338	83482917	83482966	50	90	4.00E-07
Chr05	88736338	83482917	83482966	50	90	4.00E-07
Chr05	88736338	8716446	8716486	41	95.12195122	1.00E-06
Chr05	88736338	8716446	8716486	41	95.12195122	1.00E-06
Chr05	88736338	9197214	9197254	41	95.12195122	1.00E-06
Chr05	88736338	9197214	9197254	41	95.12195122	1.00E-06
Chr05	88736338	29138292	29138353	62	83.87096774	1.00E-06
Chr05	88736338	82798673	82798741	69	81.15942029	1.00E-06
Chr06	84722326	7151633	7155067	3435	98.86561955	0
Chr06	84722326	69523088	69523624	537	93.8547486	0
Chr06	84722326	76778335	76779191	857	98.71645274	0
Chr06	84722326	28004883	28005416	534	83.36448598	8.00E-156
Chr06	84722326	28004883	28005416	534	83.36448598	8.00E-156
Chr06	84722326	58158563	58158843	281	98.93238434	3.00E-135
Chr06	84722326	39240381	39240672	292	97.60273973	1.00E-134
Chr06	84722326	76544321	76544620	300	94.66666667	4.00E-128
Chr06	84722326	39240660	39240933	274	97.81021898	2.00E-126
Chr06	84722326	53066283	53066556	274	97.44525547	2.00E-125
Chr06	84722326	54362447	54362675	229	100	3.00E-111
Chr06	84722326	53066117	53066295	179	98.88268156	2.00E-81
Chr06	84722326	9692983	9693182	200	94.5	6.00E-81
Chr06	84722326	9692983	9693182	200	94.5	6.00E-81
Chr06	84722326	83316574	83316769	196	94.3877551	3.00E-78
Chr06	84722326	9693297	9693456	160	100	7.00E-74
Chr06	84722326	76237323	76237590	268	79.39189189	1.00E-65
Chr06	84722326	1657434	1657618	185	89.89361702	3.00E-60
Chr06	84722326	63088338	63088562	225	80.70175439	2.00E-48
Chr06	84722326	2418472	2418616	145	91.03448276	8.00E-48
Chr06	84722326	2418472	2418616	145	91.03448276	8.00E-48
Chr06	84722326	51034574	51034707	134	93.28358209	3.00E-47
Chr06	84722326	51034574	51034707	134	93.28358209	3.00E-47
Chr06	84722326	4062626	4062734	109	100	3.00E-46
Chr06	84722326	9693184	9693296	113	98.2300885	1.00E-45
Chr06	84722326	6877620	6877730	111	97.2972973	6.00E-43
Chr06	84722326	6877620	6877730	111	97.2972973	6.00E-43
Chr06	84722326	4062526	4062629	104	98.07692308	9.00E-41
Chr06	84722326	69743615	69743719	105	97.14285714	1.00E-39
Chr06	84722326	69743615	69743719	105	97.14285714	1.00E-39
Chr06	84722326	1704135	1704251	117	88.23529412	2.00E-30
Chr06	84722326	63088013	63088130	118	86.55462185	8.00E-29
Chr06	84722326	65620798	65620906	109	88.0733945	3.00E-28
Chr06	84722326	65620798	65620906	109	88.0733945	3.00E-28
Chr06	84722326	74919518	74919700	183	77.04918033	3.00E-28
Chr06	84722326	78808630	78808724	95	91.57894737	1.00E-27
Chr06	84722326	78808630	78808724	95	91.57894737	1.00E-27
Chr06	84722326	62969477	62969565	89	93.25842697	3.00E-27
Chr06	84722326	62969477	62969565	89	93.25842697	3.00E-27
Chr06	84722326	69832246	69832341	96	91.66666667	3.00E-27
Chr06	84722326	62471895	62471981	87	91.95402299	2.00E-24
Chr06	84722326	80978576	80978726	151	79.375	2.00E-24
Chr06	84722326	68536152	68536287	136	80.88235294	6.00E-24
Chr06	84722326	46930232	46930336	105	84.76190476	1.00E-20
Chr06	84722326	71155539	71155631	93	79.6460177	1.00E-19
Chr06	84722326	67004556	67004629	74	92.10526316	5.00E-19
Chr06	84722326	67004556	67004629	74	92.10526316	5.00E-19
Chr06	84722326	4849217	4849292	76	90.78947368	2.00E-18
Chr06	84722326	67403509	67403612	104	83.48623853	2.00E-18
Chr06	84722326	67403509	67403612	104	83.48623853	2.00E-18
Chr06	84722326	74433964	74434024	61	98.36065574	2.00E-18
Chr06	84722326	14358342	14358415	74	91.89189189	6.00E-18
Chr06	84722326	7489981	7490041	61	96.72131148	2.00E-17
Chr06	84722326	83007468	83007544	77	89.74358974	2.00E-17
Chr06	84722326	75574940	75575036	97	83.16831683	7.00E-17
Chr06	84722326	14213854	14213979	126	79.6875	3.00E-15
Chr06	84722326	83007281	83007355	75	88	3.00E-15
Chr06	84722326	78189340	78189420	81	85.18518519	1.00E-14
Chr06	84722326	78189340	78189420	81	85.18518519	1.00E-14
Chr06	84722326	58706981	58707059	79	86.25	4.00E-14
Chr06	84722326	58706981	58707059	79	86.25	4.00E-14
Chr06	84722326	58707530	58707612	83	84.3373494	4.00E-14
Chr06	84722326	58707530	58707612	83	84.3373494	4.00E-14
Chr06	84722326	67004280	67004375	96	81.44329897	4.00E-14
Chr06	84722326	67004280	67004375	96	81.44329897	4.00E-14
Chr06	84722326	75076186	75076238	53	98.11320755	4.00E-14
Chr06	84722326	84321888	84321947	60	93.33333333	4.00E-14
Chr06	84722326	10758856	10758933	78	84.61538462	5.00E-13
Chr06	84722326	9078976	9079055	80	80	2.00E-12
Chr06	84722326	9160032	9160148	117	77.11864407	2.00E-12
Chr06	84722326	9160032	9160148	117	77.11864407	2.00E-12
Chr06	84722326	10758626	10758698	73	80.95238095	2.00E-12
Chr06	84722326	75782055	75782176	122	76	2.00E-12
Chr06	84722326	75782055	75782176	122	76	2.00E-12
Chr06	84722326	35867116	35867229	114	77.39130435	6.00E-12
Chr06	84722326	35867116	35867229	114	77.39130435	6.00E-12
Chr06	84722326	70547765	70547897	133	72.93233083	2.00E-11
Chr06	84722326	35918275	35918388	114	76.52173913	7.00E-11
Chr06	84722326	35918275	35918388	114	76.52173913	7.00E-11
Chr06	84722326	36011014	36011126	113	77.39130435	7.00E-11
Chr06	84722326	36011014	36011126	113	77.39130435	7.00E-11
Chr06	84722326	63087745	63087813	69	85.50724638	7.00E-11
Chr06	84722326	64309613	64309687	75	84.21052632	7.00E-11
Chr06	84722326	72065289	72065352	64	87.5	7.00E-11
Chr06	84722326	72065289	72065352	64	87.5	7.00E-11
Chr06	84722326	2418426	2418473	48	96	2.00E-10
Chr06	84722326	2418426	2418473	48	96	2.00E-10
Chr06	84722326	14358403	14358448	46	97.82608696	2.00E-10
Chr06	84722326	10278450	10278569	120	75.83333333	8.00E-10
Chr06	84722326	35871064	35871235	172	69.76744186	8.00E-10
Chr06	84722326	35871064	35871235	172	69.76744186	8.00E-10
Chr06	84722326	35911931	35912102	172	69.76744186	8.00E-10
Chr06	84722326	35911931	35912102	172	69.76744186	8.00E-10
Chr06	84722326	70242814	70242865	52	92.30769231	8.00E-10
Chr06	84722326	39240842	39240933	92	79.56989247	3.00E-09
Chr06	84722326	69834582	69834681	100	76	3.00E-09
Chr06	84722326	4559102	4559158	57	88.13559322	1.00E-08
Chr06	84722326	4559102	4559158	57	88.13559322	1.00E-08
Chr06	84722326	62969427	62969478	52	92.30769231	1.00E-08
Chr06	84722326	62969427	62969478	52	92.30769231	1.00E-08
Chr06	84722326	67110935	67111030	96	78.125	1.00E-08
Chr06	84722326	67110935	67111030	96	78.125	1.00E-08
Chr06	84722326	9693457	9693495	39	100	4.00E-08
Chr06	84722326	9693457	9693495	39	100	4.00E-08
Chr06	84722326	30529860	30529901	42	97.61904762	4.00E-08
Chr06	84722326	53066465	53066556	92	78.49462366	4.00E-08
Chr06	84722326	70242865	70242916	52	90.38461538	4.00E-08
Chr06	84722326	2546863	2546944	82	75.2688172	1.00E-07
Chr06	84722326	7519030	7519085	56	87.5	1.00E-07
Chr06	84722326	75925453	75925590	138	72.34042553	1.00E-07
Chr06	84722326	9163549	9163720	172	68.60465116	4.00E-07
Chr06	84722326	9163549	9163720	172	68.60465116	4.00E-07
Chr06	84722326	76474441	76474539	99	71.92982456	4.00E-07
Chr06	84722326	76474441	76474539	99	71.92982456	4.00E-07
Chr06	84722326	78808591	78808631	41	97.61904762	4.00E-07
Chr06	84722326	78808591	78808631	41	97.61904762	4.00E-07
Chr06	84722326	70268548	70268645	98	74.48979592	1.00E-06
Chr06	84722326	77536984	77537117	134	71.11111111	1.00E-06
Chr06	84722326	77536984	77537117	134	71.11111111	1.00E-06
Chr07	82690113	37547275	37547646	372	99.19354839	0
Chr07	82690113	37547275	37547646	372	99.19354839	0
Chr07	82690113	77429021	77429680	660	88.6002886	0
Chr07	82690113	12824805	12825120	316	99.6835443	6.00E-157
Chr07	82690113	37547645	37547907	263	98.85931559	2.00E-125
Chr07	82690113	11609865	11610136	272	92.09621993	3.00E-116
Chr07	82690113	17641394	17641638	245	98.7755102	1.00E-115
Chr07	82690113	17641394	17641638	245	98.7755102	1.00E-115
Chr07	82690113	40635810	40636022	213	99.53051643	5.00E-101
Chr07	82690113	40635810	40636022	213	99.53051643	5.00E-101
Chr07	82690113	21912171	21912400	230	96.52173913	6.00E-100
Chr07	82690113	79212670	79212995	326	85.15151515	3.00E-97
Chr07	82690113	79212670	79212995	326	85.15151515	3.00E-97
Chr07	82690113	1543178	1543435	258	87.64478764	2.00E-81
Chr07	82690113	5823709	5823869	161	99.37888199	9.00E-73
Chr07	82690113	73246746	73247117	372	75.12820513	1.00E-71
Chr07	82690113	73246746	73247117	372	75.12820513	1.00E-71
Chr07	82690113	77502533	77502707	175	96.02272727	1.00E-71
Chr07	82690113	60380042	60380346	305	80.51948052	4.00E-71
Chr07	82690113	60029599	60029768	170	95.29411765	2.00E-67
Chr07	82690113	67162229	67162432	204	88.0952381	3.00E-65
Chr07	82690113	67162229	67162432	204	88.0952381	3.00E-65
Chr07	82690113	77240982	77241252	271	78.8590604	5.00E-63
Chr07	82690113	60026054	60026211	158	94.30379747	4.00E-58
Chr07	82690113	12956623	12956777	155	93.5483871	1.00E-57
Chr07	82690113	12956623	12956777	155	93.5483871	1.00E-57
Chr07	82690113	77428768	77428916	149	94.63087248	5.00E-57
Chr07	82690113	77852162	77852306	145	94.48275862	7.00E-55
Chr07	82690113	77852162	77852306	145	94.48275862	7.00E-55
Chr07	82690113	12222735	12222879	145	93.79310345	3.00E-53
Chr07	82690113	12222735	12222879	145	93.79310345	3.00E-53
Chr07	82690113	2675866	2676074	209	84.36018957	2.00E-50
Chr07	82690113	27525285	27525414	130	94.61538462	8.00E-48
Chr07	82690113	82632183	82632319	137	93.57142857	3.00E-47
Chr07	82690113	8492815	8492959	145	89.65517241	4.00E-45
Chr07	82690113	8492815	8492959	145	89.65517241	4.00E-45
Chr07	82690113	30946293	30946578	286	76	4.00E-45
Chr07	82690113	30946293	30946578	286	76	4.00E-45
Chr07	82690113	12230919	12231087	169	83.52272727	2.00E-43
Chr07	82690113	77428916	77429027	112	96.46017699	8.00E-42
Chr07	82690113	1912784	1912907	124	91.93548387	3.00E-40
Chr07	82690113	12020965	12021124	160	85.27607362	1.00E-39
Chr07	82690113	76772190	76772425	236	75.49407115	1.00E-39
Chr07	82690113	60809948	60810109	162	84.3373494	4.00E-39
Chr07	82690113	3791056	3791185	130	86.23188406	6.00E-37
Chr07	82690113	3791056	3791185	130	86.23188406	6.00E-37
Chr07	82690113	11619481	11619696	216	74.89711934	6.00E-37
Chr07	82690113	11619481	11619696	216	74.89711934	6.00E-37
Chr07	82690113	7521788	7521950	163	81.3253012	4.00E-33
Chr07	82690113	30642527	30642656	130	86.92307692	4.00E-33
Chr07	82690113	75059971	75060170	200	76.61691542	1.00E-32
Chr07	82690113	10393407	10393568	162	80.58823529	2.00E-31
Chr07	82690113	11609767	11609851	85	97.64705882	2.00E-30
Chr07	82690113	10586496	10586589	94	93.61702128	7.00E-30
Chr07	82690113	10586496	10586589	94	93.61702128	7.00E-30
Chr07	82690113	78284127	78284450	324	69.23076923	8.00E-29
Chr07	82690113	28463445	28463532	88	93.18181818	1.00E-26
Chr07	82690113	12922494	12922579	86	93.02325581	1.00E-25
Chr07	82690113	12922494	12922579	86	93.02325581	1.00E-25
Chr07	82690113	17702104	17702421	318	71.13095238	2.00E-24
Chr07	82690113	60552181	60552323	143	77.63157895	2.00E-23
Chr07	82690113	60552181	60552323	143	77.63157895	2.00E-23
Chr07	82690113	28463279	28463373	95	86.31578947	9.00E-22
Chr07	82690113	28463279	28463373	95	86.31578947	9.00E-22
Chr07	82690113	28463153	28463227	75	93.50649351	3.00E-21
Chr07	82690113	79213194	79213284	91	87.91208791	3.00E-21
Chr07	82690113	79213194	79213284	91	87.91208791	3.00E-21
Chr07	82690113	12824894	12825058	165	75.90361446	1.00E-20
Chr07	82690113	14864572	14864674	103	85.4368932	1.00E-20
Chr07	82690113	1913319	1913407	89	87.64044944	4.00E-20
Chr07	82690113	14451840	14451958	119	80.46875	4.00E-20
Chr07	82690113	28327375	28327456	82	89.02439024	5.00E-19
Chr07	82690113	7522507	7522594	88	86.36363636	2.00E-18
Chr07	82690113	13870012	13870174	163	73.59550562	2.00E-18
Chr07	82690113	25758704	25758815	112	79.6460177	6.00E-18
Chr07	82690113	25758704	25758815	112	79.6460177	6.00E-18
Chr07	82690113	17079710	17079770	61	96.72131148	2.00E-17
Chr07	82690113	65953058	65953157	100	83.16831683	2.00E-17
Chr07	82690113	75955362	75955620	259	69.05660377	2.00E-17
Chr07	82690113	70573655	70573775	121	77.95275591	7.00E-17
Chr07	82690113	28327639	28327713	75	88.46153846	3.00E-16
Chr07	82690113	66606304	66606357	54	100	3.00E-16
Chr07	82690113	66606304	66606357	54	100	3.00E-16
Chr07	82690113	19758577	19758662	86	84.88372093	9.00E-16
Chr07	82690113	19758577	19758662	86	84.88372093	9.00E-16
Chr07	82690113	22090388	22090494	107	79.43925234	1.00E-14
Chr07	82690113	82632574	82632639	66	90.90909091	1.00E-14
Chr07	82690113	66033216	66033445	230	69.62025316	4.00E-14
Chr07	82690113	66033216	66033445	230	69.62025316	4.00E-14
Chr07	82690113	70102902	70102956	55	96.36363636	4.00E-14
Chr07	82690113	70102902	70102956	55	96.36363636	4.00E-14
Chr07	82690113	7374179	7374261	83	83.13253012	1.00E-13
Chr07	82690113	7374179	7374261	83	83.13253012	1.00E-13
Chr07	82690113	28327461	28327522	62	91.93548387	1.00E-13
Chr07	82690113	28327461	28327522	62	91.93548387	1.00E-13
Chr07	82690113	53905781	53905874	94	80.85106383	1.00E-13
Chr07	82690113	23597617	23597686	70	87.14285714	2.00E-12
Chr07	82690113	26272257	26272354	98	79.7979798	2.00E-12
Chr07	82690113	26272257	26272354	98	79.7979798	2.00E-12
Chr07	82690113	12956461	12956512	52	94.23076923	7.00E-11
Chr07	82690113	12956461	12956512	52	94.23076923	7.00E-11
Chr07	82690113	20733641	20733728	88	80.8988764	7.00E-11
Chr07	82690113	59586739	59586868	130	74.43609023	7.00E-11
Chr07	82690113	77852112	77852171	60	91.66666667	7.00E-11
Chr07	82690113	77852112	77852171	60	91.66666667	7.00E-11
Chr07	82690113	8492769	8492816	48	96	2.00E-10
Chr07	82690113	8492769	8492816	48	96	2.00E-10
Chr07	82690113	28327587	28327638	52	94.33962264	2.00E-10
Chr07	82690113	70573787	70573864	78	82.05128205	2.00E-10
Chr07	82690113	10393561	10393678	118	74.38016529	8.00E-10
Chr07	82690113	17702852	17702939	88	80.43478261	8.00E-10
Chr07	82690113	28463379	28463439	61	88.70967742	8.00E-10
Chr07	82690113	28463379	28463439	61	88.70967742	8.00E-10
Chr07	82690113	77245425	77245482	58	89.83050847	8.00E-10
Chr07	82690113	12222878	12222918	41	100	3.00E-09
Chr07	82690113	12222878	12222918	41	100	3.00E-09
Chr07	82690113	28463227	28463279	53	92.72727273	3.00E-09
Chr07	82690113	60628853	60628900	48	94	3.00E-09
Chr07	82690113	60628853	60628900	48	94	3.00E-09
Chr07	82690113	64860266	64860321	56	89.28571429	3.00E-09
Chr07	82690113	76111142	76111207	66	84.84848485	3.00E-09
Chr07	82690113	76111142	76111207	66	84.84848485	3.00E-09
Chr07	82690113	5819768	5819837	70	83.33333333	1.00E-08
Chr07	82690113	5819768	5819837	70	83.33333333	1.00E-08
Chr07	82690113	64860190	64860257	68	83.82352941	1.00E-08
Chr07	82690113	12825120	12825158	39	100	4.00E-08
Chr07	82690113	33484137	33484175	39	100	4.00E-08
Chr07	82690113	33484137	33484175	39	100	4.00E-08
Chr07	82690113	1775206	1775243	38	100	1.00E-07
Chr07	82690113	1775206	1775243	38	100	1.00E-07
Chr07	82690113	5727070	5727139	70	81.94444444	1.00E-07
Chr07	82690113	5727070	5727139	70	81.94444444	1.00E-07
Chr07	82690113	5747210	5747279	70	81.94444444	1.00E-07
Chr07	82690113	5747210	5747279	70	81.94444444	1.00E-07
Chr07	82690113	5751820	5751889	70	81.94444444	1.00E-07
Chr07	82690113	5751820	5751889	70	81.94444444	1.00E-07
Chr07	82690113	5756423	5756492	70	81.94444444	1.00E-07
Chr07	82690113	5756423	5756492	70	81.94444444	1.00E-07
Chr07	82690113	5761004	5761073	70	81.94444444	1.00E-07
Chr07	82690113	5761004	5761073	70	81.94444444	1.00E-07
Chr07	82690113	5765584	5765653	70	81.94444444	1.00E-07
Chr07	82690113	5765584	5765653	70	81.94444444	1.00E-07
Chr07	82690113	5808903	5808972	70	81.94444444	1.00E-07
Chr07	82690113	5808903	5808972	70	81.94444444	1.00E-07
Chr07	82690113	62099877	62099928	52	92.30769231	1.00E-07
Chr07	82690113	5776212	5776280	69	81.69014085	4.00E-07
Chr07	82690113	5776212	5776280	69	81.69014085	4.00E-07
Chr07	82690113	3277930	3277965	36	100	1.00E-06
Chr07	82690113	5828519	5828589	71	80.82191781	1.00E-06
Chr07	82690113	5828519	5828589	71	80.82191781	1.00E-06
Chr07	82690113	21660612	21660650	39	97.43589744	1.00E-06
Chr07	82690113	62829420	62829479	60	81.81818182	1.00E-06
Chr07	82690113	62829420	62829479	60	81.81818182	1.00E-06
Chr07	82690113	63726025	63726079	55	87.71929825	1.00E-06
Chr07	82690113	72357562	72357732	171	71.02272727	1.00E-06
Chr08	79494678	31661725	31662410	686	76.68965517	3.00E-149
Chr08	79494678	20315581	20315939	359	90.36458333	2.00E-145
Chr08	79494678	21072484	21072831	348	93.12320917	4.00E-140
Chr08	79494678	21072484	21072831	348	93.12320917	4.00E-140
Chr08	79494678	26220354	26220682	329	93.61702128	3.00E-136
Chr08	79494678	26220354	26220682	329	93.61702128	3.00E-136
Chr08	79494678	16914419	16914694	276	98.55072464	3.00E-130
Chr08	79494678	78536644	78536942	299	94.66666667	5.00E-127
Chr08	79494678	25970920	25971175	256	98.828125	1.00E-121
Chr08	79494678	31661231	31661719	489	76.77165354	1.00E-109
Chr08	79494678	44090396	44090660	265	92.48120301	1.00E-102
Chr08	79494678	12178276	12178546	271	86.21908127	5.00E-89
Chr08	79494678	19814389	19814640	252	89.72332016	2.00E-88
Chr08	79494678	19814389	19814640	252	89.72332016	2.00E-88
Chr08	79494678	2507332	2507616	285	84.26573427	3.00E-85
Chr08	79494678	79303225	79303480	256	86.71875	3.00E-78
Chr08	79494678	75987929	75988159	231	87.23404255	3.00E-73
Chr08	79494678	14039483	14039687	205	82.32931727	9.00E-73
Chr08	79494678	14046480	14046684	205	82.32931727	9.00E-73
Chr08	79494678	21449228	21449443	216	89.35185185	1.00E-71
Chr08	79494678	78536452	78536643	192	91.95979899	5.00E-70
Chr08	79494678	78536452	78536643	192	91.95979899	5.00E-70
Chr08	79494678	20864447	20864669	223	86.5470852	8.00E-67
Chr08	79494678	19320520	19320672	153	98.03921569	1.00E-65
Chr08	79494678	19320520	19320672	153	98.03921569	1.00E-65
Chr08	79494678	24902583	24902780	198	88.94472362	1.00E-64
Chr08	79494678	16371994	16372251	258	80.52434457	3.00E-60
Chr08	79494678	22400468	22400619	152	95.4248366	3.00E-59
Chr08	79494678	74232659	74232797	139	97.84172662	4.00E-58
Chr08	79494678	21551403	21551572	170	91.22807018	1.00E-57
Chr08	79494678	23521334	23521556	223	83.92857143	2.00E-55
Chr08	79494678	1070773	1070942	170	88.30409357	4.00E-52
Chr08	79494678	1070773	1070942	170	88.30409357	4.00E-52
Chr08	79494678	52714588	52714728	141	92.90780142	6.00E-50
Chr08	79494678	52714588	52714728	141	92.90780142	6.00E-50
Chr08	79494678	20863753	20863923	171	84.91620112	1.00E-46
Chr08	79494678	75736246	75736464	219	79.91071429	5.00E-44
Chr08	79494678	19320673	19320778	106	98.13084112	3.00E-41
Chr08	79494678	19320673	19320778	106	98.13084112	3.00E-41
Chr08	79494678	20863370	20863519	150	88	9.00E-41
Chr08	79494678	64255248	64255464	217	78.89908257	3.00E-40
Chr08	79494678	64255248	64255464	217	78.89908257	3.00E-40
Chr08	79494678	77330574	77330771	198	79.7979798	4.00E-39
Chr08	79494678	77330574	77330771	198	79.7979798	4.00E-39
Chr08	79494678	7029381	7029538	158	82.27848101	2.00E-36
Chr08	79494678	7029381	7029538	158	82.27848101	2.00E-36
Chr08	79494678	20864154	20864272	119	90.75630252	2.00E-36
Chr08	79494678	21557738	21557885	148	85.23489933	2.00E-36
Chr08	79494678	35311571	35311699	129	88.37209302	2.00E-36
Chr08	79494678	35312643	35312771	129	88.37209302	2.00E-36
Chr08	79494678	35313715	35313843	129	88.37209302	2.00E-36
Chr08	79494678	53025731	53025861	131	88.72180451	2.00E-36
Chr08	79494678	53025731	53025861	131	88.72180451	2.00E-36
Chr08	79494678	68438206	68438352	147	85.81081081	2.00E-36
Chr08	79494678	61898420	61898547	128	88.28125	9.00E-35
Chr08	79494678	51965394	51965479	86	100	1.00E-33
Chr08	79494678	51965394	51965479	86	100	1.00E-33
Chr08	79494678	7132624	7132769	146	83.78378378	4.00E-33
Chr08	79494678	68440213	68440332	120	89.25619835	4.00E-33
Chr08	79494678	78503084	78503178	95	94.73684211	2.00E-31
Chr08	79494678	17463645	17463739	95	93.68421053	2.00E-30
Chr08	79494678	8120642	8120765	124	84.2519685	8.00E-29
Chr08	79494678	8120642	8120765	124	84.2519685	8.00E-29
Chr08	79494678	5535203	5535302	100	90	1.00E-26
Chr08	79494678	5535203	5535302	100	90	1.00E-26
Chr08	79494678	78536332	78536457	126	84.12698413	1.00E-26
Chr08	79494678	78536332	78536457	126	84.12698413	1.00E-26
Chr08	79494678	69146672	69146826	155	77.4566474	4.00E-26
Chr08	79494678	18359942	18360037	96	86.53846154	5.00E-25
Chr08	79494678	18359942	18360037	96	86.53846154	5.00E-25
Chr08	79494678	77332218	77332301	84	94.04761905	2.00E-24
Chr08	79494678	3858046	3858138	93	90.32258065	6.00E-24
Chr08	79494678	3858046	3858138	93	90.32258065	6.00E-24
Chr08	79494678	5523797	5523896	100	88	6.00E-24
Chr08	79494678	5523797	5523896	100	88	6.00E-24
Chr08	79494678	67014763	67014855	93	90.42553191	2.00E-23
Chr08	79494678	1166792	1166883	92	88.29787234	3.00E-21
Chr08	79494678	1166792	1166883	92	88.29787234	3.00E-21
Chr08	79494678	5546553	5546651	99	87	3.00E-21
Chr08	79494678	5546553	5546651	99	87	3.00E-21
Chr08	79494678	31783410	31783501	92	89.13043478	3.00E-21
Chr08	79494678	31783410	31783501	92	89.13043478	3.00E-21
Chr08	79494678	78045615	78045707	93	86.02150538	1.00E-19
Chr08	79494678	15501541	15501667	127	79.06976744	5.00E-19
Chr08	79494678	32450571	32450802	232	70.2811245	5.00E-19
Chr08	79494678	49004590	49004648	59	100	5.00E-19
Chr08	79494678	35164769	35164867	99	83	7.00E-17
Chr08	79494678	12732185	12732290	106	78.04878049	3.00E-16
Chr08	79494678	22731415	22731491	77	88.31168831	3.00E-16
Chr08	79494678	73314049	73314149	101	81.18811881	3.00E-15
Chr08	79494678	73314049	73314149	101	81.18811881	3.00E-15
Chr08	79494678	74477201	74477274	74	87.83783784	1.00E-14
Chr08	79494678	31782806	31782884	79	86.07594937	4.00E-14
Chr08	79494678	31782806	31782884	79	86.07594937	4.00E-14
Chr08	79494678	5523739	5523795	57	94.73684211	1.00E-13
Chr08	79494678	5523739	5523795	57	94.73684211	1.00E-13
Chr08	79494678	5535145	5535201	57	94.73684211	1.00E-13
Chr08	79494678	5535145	5535201	57	94.73684211	1.00E-13
Chr08	79494678	5546495	5546551	57	94.73684211	1.00E-13
Chr08	79494678	5546495	5546551	57	94.73684211	1.00E-13
Chr08	79494678	7822677	7822747	71	87.32394366	5.00E-13
Chr08	79494678	7822677	7822747	71	87.32394366	5.00E-13
Chr08	79494678	8120535	8120587	53	96.2962963	2.00E-12
Chr08	79494678	24352734	24352800	67	89.55223881	2.00E-12
Chr08	79494678	27400947	27401023	77	84.41558442	2.00E-12
Chr08	79494678	35220711	35220808	98	78.57142857	2.00E-12
Chr08	79494678	10749073	10749197	125	75.78125	6.00E-12
Chr08	79494678	28132732	28132795	64	89.0625	6.00E-12
Chr08	79494678	28132732	28132795	64	89.0625	6.00E-12
Chr08	79494678	66651158	66651242	85	82.35294118	6.00E-12
Chr08	79494678	66651158	66651242	85	82.35294118	6.00E-12
Chr08	79494678	68439360	68439449	90	81.31868132	6.00E-12
Chr08	79494678	17316147	17316213	67	86.56716418	7.00E-11
Chr08	79494678	15481389	15481439	51	94.11764706	2.00E-10
Chr08	79494678	15481389	15481439	51	94.11764706	2.00E-10
Chr08	79494678	76751498	76751550	53	92.45283019	2.00E-10
Chr08	79494678	726125	726179	55	90.90909091	8.00E-10
Chr08	79494678	3857617	3857676	60	88.33333333	8.00E-10
Chr08	79494678	3857617	3857676	60	88.33333333	8.00E-10
Chr08	79494678	14039442	14039483	42	100	8.00E-10
Chr08	79494678	14046439	14046480	42	100	8.00E-10
Chr08	79494678	21449670	21449725	56	91.22807018	8.00E-10
Chr08	79494678	51965415	51965456	42	100	8.00E-10
Chr08	79494678	71896157	71896213	57	89.83050847	8.00E-10
Chr08	79494678	71896157	71896213	57	89.83050847	8.00E-10
Chr08	79494678	6056049	6056094	46	95.65217391	3.00E-09
Chr08	79494678	9458975	9459050	76	82.89473684	3.00E-09
Chr08	79494678	22931818	22931868	51	92.15686275	3.00E-09
Chr08	79494678	24777139	24777197	59	88.13559322	3.00E-09
Chr08	79494678	24016118	24016314	197	68.68686869	1.00E-08
Chr08	79494678	24016118	24016314	197	68.68686869	1.00E-08
Chr08	79494678	63177099	63177163	65	84.61538462	1.00E-08
Chr08	79494678	22000179	22000220	42	97.61904762	4.00E-08
Chr08	79494678	51370458	51370524	67	83.58208955	4.00E-08
Chr08	79494678	63538621	63538697	77	80.51948052	4.00E-08
Chr08	79494678	63538621	63538697	77	80.51948052	4.00E-08
Chr08	79494678	59748011	59748051	41	97.56097561	1.00E-07
Chr08	79494678	75518320	75518357	38	100	1.00E-07
Chr08	79494678	15143691	15143737	47	91.4893617	4.00E-07
Chr08	79494678	18939893	18939980	88	77.77777778	1.00E-06
Chr08	79494678	42974983	42975117	135	70.27027027	1.00E-06
Chr08	79494678	45512008	45512071	64	82.8125	1.00E-06
Chr08	79494678	45512008	45512071	64	82.8125	1.00E-06
Chr08	79494678	57582794	57582861	68	82.35294118	1.00E-06
Chr08	79494678	57582794	57582861	68	82.35294118	1.00E-06
Chr08	79494678	74242650	74242685	36	100	1.00E-06
Chr09	74699160	18036436	18036871	436	95.04504505	0
Chr09	74699160	23210274	23210702	429	99.53379953	0
Chr09	74699160	33516380	33519968	3589	99.63798385	0
Chr09	74699160	1186031	1186340	310	99.35483871	2.00E-151
Chr09	74699160	59534958	59535250	293	99.65870307	2.00E-143
Chr09	74699160	59534958	59535250	293	99.65870307	2.00E-143
Chr09	74699160	59070677	59070966	290	99.31034483	1.00E-141
Chr09	74699160	59070677	59070966	290	99.31034483	1.00E-141
Chr09	74699160	2198313	2198640	328	94.87951807	3.00E-141
Chr09	74699160	2198313	2198640	328	94.87951807	3.00E-141
Chr09	74699160	67465799	67466280	482	81.03448276	3.00E-135
Chr09	74699160	67465799	67466280	482	81.03448276	3.00E-135
Chr09	74699160	72431693	72431968	276	95.78947368	2.00E-126
Chr09	74699160	72431693	72431968	276	95.78947368	2.00E-126
Chr09	74699160	8524271	8524586	316	93.05993691	6.00E-126
Chr09	74699160	71827371	71827585	215	99.07407407	2.00E-100
Chr09	74699160	36005497	36005786	290	86.55172414	6.00E-100
Chr09	74699160	63221838	63222213	376	81.65829146	2.00E-99
Chr09	74699160	63983717	63983987	271	87.82287823	5.00E-89
Chr09	74699160	55027903	55028080	178	99.43820225	6.00E-81
Chr09	74699160	55027903	55028080	178	99.43820225	6.00E-81
Chr09	74699160	2235515	2235707	193	92.74611399	9.00E-73
Chr09	74699160	2235515	2235707	193	92.74611399	9.00E-73
Chr09	74699160	2235302	2235513	212	88.68778281	1.00E-71
Chr09	74699160	2235302	2235513	212	88.68778281	1.00E-71
Chr09	74699160	243458	243682	225	87.11111111	2.00E-69
Chr09	74699160	48463919	48464073	155	98.70967742	2.00E-68
Chr09	74699160	62776014	62776296	283	80.55555556	3.00E-66
Chr09	74699160	23274456	23274599	144	100	3.00E-65
Chr09	74699160	3928126	3928396	271	78.83959044	4.00E-64
Chr09	74699160	65722217	65722507	291	80.20134228	5.00E-63
Chr09	74699160	57286309	57286528	220	79.92125984	8.00E-61
Chr09	74699160	15867865	15868003	139	97.84172662	4.00E-58
Chr09	74699160	18211719	18211860	142	94.36619718	3.00E-53
Chr09	74699160	18211719	18211860	142	94.36619718	3.00E-53
Chr09	74699160	63277410	63277579	170	87.05882353	3.00E-47
Chr09	74699160	69188204	69188387	184	84.21052632	1.00E-44
Chr09	74699160	71922505	71922722	218	80.90909091	1.00E-44
Chr09	74699160	3274260	3274486	227	75.80645161	5.00E-44
Chr09	74699160	3274260	3274486	227	75.80645161	5.00E-44
Chr09	74699160	69188058	69188208	151	88.15789474	5.00E-44
Chr09	74699160	30875785	30875948	164	84.09090909	6.00E-43
Chr09	74699160	30875785	30875948	164	84.09090909	6.00E-43
Chr09	74699160	58404121	58404312	192	80.41237113	6.00E-43
Chr09	74699160	5546771	5546953	183	80.87431694	8.00E-42
Chr09	74699160	60264920	60265102	183	80.87431694	8.00E-42
Chr09	74699160	43193402	43193567	166	81.6091954	7.00E-36
Chr09	74699160	33516944	33517120	177	77.96610169	3.00E-35
Chr09	74699160	2112269	2112699	431	69.01709402	9.00E-35
Chr09	74699160	43193207	43193316	110	92.85714286	9.00E-35
Chr09	74699160	51818226	51818462	237	75.52742616	9.00E-35
Chr09	74699160	43470643	43470802	160	80.48780488	6.00E-31
Chr09	74699160	3159366	3159551	186	76.92307692	2.00E-30
Chr09	74699160	3159366	3159551	186	76.92307692	2.00E-30
Chr09	74699160	58184686	58184807	122	86.17886179	2.00E-29
Chr09	74699160	63343739	63343842	104	90.38461538	2.00E-29
Chr09	74699160	63343739	63343842	104	90.38461538	2.00E-29
Chr09	74699160	43201822	43201944	123	85.82677165	3.00E-27
Chr09	74699160	59859704	59859784	81	96.2962963	1.00E-26
Chr09	74699160	59859704	59859784	81	96.2962963	1.00E-26
Chr09	74699160	69186699	69186801	103	85.4368932	3.00E-21
Chr09	74699160	3826941	3827084	144	78.62068966	1.00E-20
Chr09	74699160	68435123	68435199	77	90.90909091	5.00E-19
Chr09	74699160	68435123	68435199	77	90.90909091	5.00E-19
Chr09	74699160	71827640	71827695	56	100	2.00E-17
Chr09	74699160	22078601	22078690	90	84.61538462	3.00E-16
Chr09	74699160	43193348	43193406	59	96.61016949	3.00E-16
Chr09	74699160	5545787	5545869	83	85.54216867	9.00E-16
Chr09	74699160	42771303	42771358	56	98.21428571	9.00E-16
Chr09	74699160	47929703	47929770	68	91.17647059	9.00E-16
Chr09	74699160	3811166	3811252	87	83.90804598	3.00E-15
Chr09	74699160	3811166	3811252	87	83.90804598	3.00E-15
Chr09	74699160	3732798	3732916	119	78.99159664	1.00E-14
Chr09	74699160	71129534	71129611	78	87.17948718	1.00E-14
Chr09	74699160	9225862	9225950	89	83.33333333	4.00E-14
Chr09	74699160	42771397	42771451	55	96.36363636	4.00E-14
Chr09	74699160	43279287	43279349	63	92.06349206	4.00E-14
Chr09	74699160	66793886	66793968	83	83.72093023	4.00E-14
Chr09	74699160	66793886	66793968	83	83.72093023	4.00E-14
Chr09	74699160	9269907	9270036	130	75.93984962	5.00E-13
Chr09	74699160	9269907	9270036	130	75.93984962	5.00E-13
Chr09	74699160	11057375	11057427	53	96.22641509	5.00E-13
Chr09	74699160	11057375	11057427	53	96.22641509	5.00E-13
Chr09	74699160	3716487	3716558	72	86.11111111	2.00E-12
Chr09	74699160	3716487	3716558	72	86.11111111	2.00E-12
Chr09	74699160	5548883	5548939	57	92.98245614	2.00E-12
Chr09	74699160	60263938	60264021	84	83.33333333	2.00E-12
Chr09	74699160	60265329	60265385	57	92.98245614	2.00E-12
Chr09	74699160	42771358	42771403	46	100	6.00E-12
Chr09	74699160	43470801	43470866	66	87.87878788	6.00E-12
Chr09	74699160	63834458	63834612	155	72.22222222	6.00E-12
Chr09	74699160	63834458	63834612	155	72.22222222	6.00E-12
Chr09	74699160	70158960	70159056	97	80.41237113	2.00E-11
Chr09	74699160	70867470	70867605	136	74.82014388	2.00E-11
Chr09	74699160	70867470	70867605	136	74.82014388	2.00E-11
Chr09	74699160	43470868	43470942	75	84	7.00E-11
Chr09	74699160	5546518	5546573	56	91.07142857	2.00E-10
Chr09	74699160	43279352	43279417	66	84.84848485	3.00E-09
Chr09	74699160	49002578	49002706	129	72.86821705	3.00E-09
Chr09	74699160	1200953	1201002	50	92	1.00E-08
Chr09	74699160	18739032	18739088	57	89.47368421	1.00E-08
Chr09	74699160	66848518	66848567	50	92	1.00E-08
Chr09	74699160	3791174	3791242	69	82.60869565	4.00E-08
Chr09	74699160	3791174	3791242	69	82.60869565	4.00E-08
Chr09	74699160	6922132	6922173	42	97.61904762	4.00E-08
Chr09	74699160	6922132	6922173	42	97.61904762	4.00E-08
Chr09	74699160	4679464	4679504	41	97.56097561	1.00E-07
Chr09	74699160	7103249	7103330	82	77.90697674	1.00E-07
Chr09	74699160	60264665	60264720	56	87.5	1.00E-07
Chr09	74699160	820652	820812	161	68.25396825	4.00E-07
Chr09	74699160	820652	820812	161	68.25396825	4.00E-07
Chr09	74699160	30721434	30721475	42	95.23809524	4.00E-07
Chr09	74699160	30721434	30721475	42	95.23809524	4.00E-07
Chr09	74699160	42771186	42771225	40	97.5	4.00E-07
Chr09	74699160	7724599	7724677	79	78.48101266	1.00E-06
Chr09	74699160	33517647	33517682	36	100	1.00E-06
Chr09	74699160	42771225	42771268	44	93.18181818	1.00E-06
Chr09	74699160	51446230	51446275	46	91.30434783	1.00E-06
Chr09	74699160	62813290	62813347	58	86.20689655	1.00E-06
Chr09	74699160	62813290	62813347	58	86.20689655	1.00E-06
Chr10	70180950	7747854	7750151	2298	99.21908894	0
Chr10	70180950	7748904	7750151	1248	99.51961569	0
Chr10	70180950	8535037	8535698	662	88.6002886	0
Chr10	70180950	9162072	9162542	471	91.76954733	0
Chr10	70180950	9162072	9162542	471	91.76954733	0
Chr10	70180950	12383929	12384558	630	91.71875	0
Chr10	70180950	12383929	12384558	630	91.71875	0
Chr10	70180950	17804350	17804782	433	98.15242494	0
Chr10	70180950	17804782	17805207	426	97.6635514	0
Chr10	70180950	29873766	29879333	5568	98.54656379	0
Chr10	70180950	4113308	4113592	285	93.70629371	3.00E-117
Chr10	70180950	56246200	56246442	243	96.70781893	6.00E-107
Chr10	70180950	44135209	44135437	229	98.25327511	7.00E-106
Chr10	70180950	44135209	44135437	229	98.25327511	7.00E-106
Chr10	70180950	19886537	19886762	226	98.67256637	2.00E-105
Chr10	70180950	26547493	26547709	217	99.53917051	3.00E-103
Chr10	70180950	26547493	26547709	217	99.53917051	3.00E-103
Chr10	70180950	56245993	56246200	208	97.61904762	3.00E-92
Chr10	70180950	9002957	9003147	191	100	1.00E-90
Chr10	70180950	18873300	18873549	250	87.84313725	4.00E-83
Chr10	70180950	18873300	18873549	250	87.84313725	4.00E-83
Chr10	70180950	59214489	59214675	187	97.32620321	2.00E-80
Chr10	70180950	10297672	10297878	207	89.85507246	4.00E-71
Chr10	70180950	10297672	10297878	207	89.85507246	4.00E-71
Chr10	70180950	35333820	35333999	180	91.66666667	4.00E-64
Chr10	70180950	56465751	56465890	140	98.57142857	3.00E-59
Chr10	70180950	8534784	8534932	149	95.30201342	4.00E-58
Chr10	70180950	63234743	63234968	226	82.40343348	3.00E-54
Chr10	70180950	26547710	26547832	123	96.8	2.00E-48
Chr10	70180950	26547710	26547832	123	96.8	2.00E-48
Chr10	70180950	60969259	60969378	120	95.04132231	2.00E-43
Chr10	70180950	61161528	61161631	104	99.03846154	8.00E-42
Chr10	70180950	61161528	61161631	104	99.03846154	8.00E-42
Chr10	70180950	57383642	57383778	137	86.89655172	9.00E-41
Chr10	70180950	57383642	57383778	137	86.89655172	9.00E-41
Chr10	70180950	8534932	8535043	112	95.57522124	3.00E-40
Chr10	70180950	9162568	9162675	108	96.2962963	3.00E-40
Chr10	70180950	9549574	9549739	166	82.75862069	1.00E-38
Chr10	70180950	59744672	59744791	120	88.28125	6.00E-37
Chr10	70180950	59744672	59744791	120	88.28125	6.00E-37
Chr10	70180950	33625868	33626098	231	76.29310345	2.00E-36
Chr10	70180950	10087991	10088127	137	86.13138686	3.00E-35
Chr10	70180950	9549825	9549934	110	92.85714286	9.00E-35
Chr10	70180950	21833548	21833655	108	93.63636364	9.00E-35
Chr10	70180950	61056130	61056296	167	81.00558659	9.00E-35
Chr10	70180950	1230100	1230238	139	85.61151079	3.00E-34
Chr10	70180950	1230100	1230238	139	85.61151079	3.00E-34
Chr10	70180950	56625729	56625902	174	80.45977011	3.00E-34
Chr10	70180950	62056127	62056318	192	79.20792079	1.00E-33
Chr10	70180950	62056127	62056318	192	79.20792079	1.00E-33
Chr10	70180950	10086961	10087074	114	87.71929825	7.00E-30
Chr10	70180950	60828722	60828848	127	85.03937008	8.00E-29
Chr10	70180950	60828722	60828848	127	85.03937008	8.00E-29
Chr10	70180950	10088324	10088436	113	86.84210526	3.00E-27
Chr10	70180950	64561512	64561597	86	94.18604651	1.00E-26
Chr10	70180950	14974417	14974516	100	89	4.00E-26
Chr10	70180950	14112039	14112229	191	75.63451777	2.00E-24
Chr10	70180950	10087210	10087292	83	92.77108434	6.00E-24
Chr10	70180950	64442423	64442540	118	82.20338983	2.00E-23
Chr10	70180950	14139938	14140119	182	75.53191489	8.00E-23
Chr10	70180950	14523076	14523204	129	81.88405797	8.00E-23
Chr10	70180950	23935565	23935670	106	85.04672897	3.00E-22
Chr10	70180950	23935565	23935670	106	85.04672897	3.00E-22
Chr10	70180950	47415262	47415430	169	75.72254335	3.00E-22
Chr10	70180950	29010697	29010766	70	92.85714286	6.00E-18
Chr10	70180950	29010697	29010766	70	92.85714286	6.00E-18
Chr10	70180950	5984159	5984219	61	96.72131148	2.00E-17
Chr10	70180950	9549735	9549793	59	96.61016949	3.00E-16
Chr10	70180950	11641716	11641817	102	81.73076923	9.00E-16
Chr10	70180950	29874817	29874980	164	73.33333333	9.00E-16
Chr10	70180950	14981969	14982049	81	84.70588235	3.00E-15
Chr10	70180950	61056062	61056120	59	93.22033898	1.00E-13
Chr10	70180950	12503527	12503610	84	82.55813953	2.00E-12
Chr10	70180950	11649833	11649944	112	76.99115044	6.00E-12
Chr10	70180950	23140855	23140915	61	90.16393443	6.00E-12
Chr10	70180950	23140855	23140915	61	90.16393443	6.00E-12
Chr10	70180950	12858691	12858800	110	77.27272727	2.00E-11
Chr10	70180950	12858691	12858800	110	77.27272727	2.00E-11
Chr10	70180950	59585602	59585681	80	82.5	2.00E-11
Chr10	70180950	26983979	26984034	56	89.83050847	2.00E-10
Chr10	70180950	26983979	26984034	56	89.83050847	2.00E-10
Chr10	70180950	57383777	57383818	42	100	8.00E-10
Chr10	70180950	57383777	57383818	42	100	8.00E-10
Chr10	70180950	59744631	59744672	42	100	8.00E-10
Chr10	70180950	59744631	59744672	42	100	8.00E-10
Chr10	70180950	65577286	65577349	64	86.36363636	8.00E-10
Chr10	70180950	11668018	11668063	46	95.65217391	3.00E-09
Chr10	70180950	9324908	9324988	81	80.48780488	1.00E-08
Chr10	70180950	12265488	12265531	44	95.45454545	4.00E-08
Chr10	70180950	11218021	11218077	57	87.93103448	1.00E-07
Chr10	70180950	20406956	20406993	38	100	1.00E-07
Chr10	70180950	20406956	20406993	38	100	1.00E-07
Chr10	70180950	1230251	1230303	53	88.67924528	1.00E-06
Chr10	70180950	1230251	1230303	53	88.67924528	1.00E-06
Chr10	70180950	1552318	1552393	76	78.94736842	1.00E-06
Chr10	70180950	1552318	1552393	76	78.94736842	1.00E-06